11110,297134,391812,680225,744359,201103,298896,376966,139773,159221,267068,496295,797691,270225,624509,967170,611728,452987,852560,318661,75890,569457,149358,76341,112493,859400,357821,937752,269865,438510,295284,158746,962055,89561,228423,401968,387007,106693,100341,464397,31325,707882,701301,695418,949755,233051,940425,647415,576695,926337,572495,331037,780210,500708,87661,939170,461806,50781,674384,483816,653587,563310,19026,318793,837515,454398,476222,874229,371836,296635,81607,691882,900690,59028,864683,964806,381299,539099,963335,951013,933461,342603,692004,874417,136625,736465,434835,346114,912746,260819,472382,844019,49148,420809,228748,626323,15022,185184,979819,218497,967365,747869,670385,875317,287852,829481,971924,453915,692032,659551,855245,628137,694011,296156,99176,593166,186959,364447,952816,1054,664522,549287,421387,539980,502595,707066,285445,705423,648651,183758,794927,25436,860347,369982,830282,197147,167526,189595,330315,983157,923101,416453,233192,343387,34222,523308,58579,352054,372563,978987,73580,854585,244065,537055,606403,787766,53913,176605,399192,162307,183774,874525,196166,144365,993425,911061,96646,130788,493924,600602,597135,329605,824678,683662,599689,5706,87023,283501,89376,170469,34080,222141,132370,92825,300747,373690,187257,739006,994597,279258,853400,907227,564215,244141,244467,313373,812824,460664,461735,924204,994879,360819,475127,157022,279468,279994,623382,995810,846230,390967,931981,134189,876741,748109,490179,801967,506696,466072,118863,76831,836657,750847,538708,499506,547771,446276,127682,402269,721475,779156,298847,607505,683184,97206,100438,465753,380548,305040,30896,566305,92611,400247,718980,874809,32464,511007,990884,899072,790317,537739,427646,906721,316613,380706,155886,388370,997294,462215,199264,210925,406502,503531,235591,852645,234556,398253,478866,267044,900763,130042,989017,581304,538456,825048,550484,482584,155128,193712,803779,908104,837304,627338,636270,258267,658701,88464,94498,673382,934716,207235,267272,459042,777372,944684,51089,649156,367231,630615,170986,783737,132912,223619,63112,385828,261806,388252,34039,372217,972986,746944,542982,394550,162200,446662,823779,24220,463276,906875,466167,736785,915279,709010,98887,342741,705692,226452,276336,188528,475343,710058,68312,344717,949818,298764,452979,312680,214435,841504,109217,80247,792935,60332,757993,412887,993236,9679,256938,551283,567173,640669,673343,734821,703725,469086,559246,387000,116969,515312,45529,532530,965350,913546,54047,424432,182555,906611,985506,501456,65524,681912,875508,818650,380,506323,142165,322447,752002,20306,481789,710051,413459,146235,949077,19645,629083,736101,566915,295881,213838,924369,698790,4106,351051,678991,577,337830,41344,314135,819476,163824,422331,213151,422891,74207,446671,28050,44062,733137,158086,468068,627735,304993,151969,276101,23633,794150,411771,960848,20351,397539,634561,31181,404639,454759,75954,982581,770541,604968,622477,854974,479555,117454,421897,503304,124571,853870,635782,115568,431999,528717,677071,308611,835828,93750,269812,385217,152379,673527,433056,248563,596918,882153,183053,464173,889398,742804,581739,192072,888768,575488,808393,727308,124376,920535,443712,907073,320901,163497,620908,24319,340703,387982,324225,703036,846717,178422,977747,494229,6698,270425,973185,822763,285501,260589,214622,23089,217119,698134,241123,182739,60975,496896,186764,651517,603017,46142,614001,851126,729999,234090,657615,869464,118162,747467,674205,245989,333940,414047,240813,814330,988538,954574,853275,411510,935398,971354,949011,779600,11154,320608,579568,601019,32865,532491,820888,151787,22620,770496,992565,690977,895294,100082,497725,238095,627400,993906,606548,370154,889503,715364,634439,145110,169302,874931,259950,358754,448206,312286,408164,55015,344550,906577,878026,820299,452427,86467,663286,155524,34460,385690,117864,772814,785425,233358,640286,72041,220407,633909,747341,807269,934588,511847,386773,940638,469223,58008,89090,977814,952298,105862,857130,256168,908443,525707,95996,483191,462076,362372,509584,896334,217638,361271,927368,423441,44271,154755,257247,255907,723493,825553,8294,470014,985678,385832,871151,649673,300287,62071,45559,496465,868438,307411,744746,69031,628017,770444,308477,952995,552583,262583,519960,632280,734750,948098,432216,706485,213285,182503,12038,95454,736341,894192,709365,380139,508549,216559,991254,992132,863899,967965,304579,725305,275567,194879,576599,686259,658678,57287,243001,314429,340011,227230,573693,288833,719481,124604,248233,193730,219715,802596,152189,513469,228873,753021,223474,902317,113864,240804,139068,962583,130568,306432,591463,972926,788989,729698,656352,994609,770033,949048,999881,470048,541016,27717,359486,901089,432821,404414,918176,775775,112100,626082,527681,785439,461471,775745,906440,396466,322752,664038,733449,541568,44207,786434,772870,277889,310574,477913,145764,948082,609226,872829,153572,182959,197583,727635,932460,104414,679683,359806,369348,525958,450942,133894,660010,704853,695378,291283,295309,163914,447749,903639,23422,529363,974944,522909,872295,957672,716198,539019,228715,702544,620447,287760,898884,223720,198500,860490,234906,653282,197693,84984,221090,506833,147895,25730,68795,551985,101143,128487,754787,792448,315201,160919,157506,866464,275225,150346,319141,455433,496238,22479,970811,116697,431028,209455,490502,649264,348842,124771,12145,672598,555706,946860,565520,108827,464593,145053,575636,667420,242551,836176,193960,933293,471900,239393,656208,214978,209092,405165,150271,827049,926360,139829,49276,839900,236620,853736,322886,945406,204601,751047,96926,431741,572470,531322,658386,264876,20560,461794,893535,460396,601602,47706,300076,745949,392980,605685,74485,527779,608957,242407,94054,351843,402994,73392,980519,919395,994037,402797,882475,36689,673915,891537,101343,635686,938777,529330,311718,224305,701017,840607,89428,319321,11108,277043,372986,761718,355229,550359,375276,503859,589050,385564,296072,543670,235164,343829,291804,515496,143572,164008,703619,281647,364189,733891,299467,550610,427647,396775,697779,165884,901899,453916,112203,644299,165142,294473,729510,547664,696866,680520,416449,735705,573876,54942,652018,385475,848957,2706,659418,753406,687182,448054,100450,857619,398058,521373,700640,619725,578844,546684,365046,292985,220309,37125,69245,663653,604284,426996,951555,105535,578582,418140,287257,232139,428551,386513,547907,81739,878570,562513,537594,694695,988974,40959,616782,522923,109290,400071,908339,965738,866811,896275,960204,666022,273866,930065,1596,142522,872485,597409,959556,124897,781894,991552,709267,177728,495371,621034,406834,212929,366250,274961,868842,726324,572578,723246,796012,361642,206525,107928,386203,169763,762801,342840,51255,32453,326391,743636,844595,484832,166190,263818,678088,199406,770486,246993,74303,547787,155041,468514,512475,999276,60687,720695,424878,800509,522663,565135,680229,497630,477047,559191,240214,410777,654349,21856,801157,223802,832023,751129,996403,553890,640847,875504,998459,299450,237255,211986,708870,842383,927194,154564,431844,232489,917482,308927,784819,334495,467230,527873,428056,255721,722793,838938,620268,756231,698463,777558,968960,939678,698977,869574,782634,117078,498640,100220,285718,418417,608988,209595,716971,429149,128698,111486,631287,279248,118972,956911,208940,435071,392255,743850,594238,589959,767620,170128,550899,656399,901901,729743,315279,93083,674782,460632,295270,877788,823161,709161,49051,881014,384596,499121,796872,508878,539713,352970,202406,913925,753229,595824,753314,751277,47691,428045,379618,152072,330354,47399,928008,536263,726983,89301,669464,473510,101100,786421,424899,128,255182,135204,547798,775789,552378,991160,393265,833635,418541,330562,316049,286475,599635,675888,732470,212401,572181,234043,389871,209480,805909,944938,510077,376743,214584,97385,683792,205340,320808,217410,900700,462810,357991,874124,993916,189659,60882,571232,361735,872824,77063,78671,438133,941158,748785,242058,432978,51830,330452,402404,151810,332448,441263,876717,825741,739019,10304,679547,337752,710005,260841,421147,654166,288097,500383,211057,968623,97509,103050,579903,119745,621633,238195,453809,954898,514621,573141,237200,585429,723751,244438,947018,152952,230921,651524,862989,51048,692245,30888,921579,765463,779127,978685,844680,381561,971978,230927,303982,581138,489729,58219,897503,163990,548094,547084,568108,470537,924114,99720,436569,14124,452482,664159,692091,104959,489871,960010,767790,45334,856583,293257,477644,886759,364565,192212,674277,770526,818040,505684,333481,260131,474099,354307,35620,555628,527601,375043,259309,898097,562384,277810,564543,952972,143057,835965,375147,164496,394997,267033,746173,835878,795475,96147,712643,184451,675141,864908,325675,768647,779242,96198,711425,269960,762051,293200,651516,728206,134115,954251,656357,905487,835525,461783,198488,700532,90891,230926,177779,191582,997913,758753,706581,989991,597647,164318,91619,821194,897447,53327,187159,870182,366175,641032,703958,561936,123896,881805,276734,16599,252794,369206,203425,168654,854587,73000,22028,375573,628976,868396,336673,325116,945922,42557,849008,318499,967090,594788,260421,888447,256413,938018,48044,752635,465404,787901,997469,250592,728504,923447,830011,752880,977047,998668,759414,334872,385116,831752,937506,139360,345464,69528,403797,349559,602515,536791,422729,280867,194279,428385,175836,87845,952432,323791,75529,567102,992788,409075,471572,586757,791427,50002,404091,744523,707699,520630,593303,611246,113206,162268,716134,281043,876377,612902,55984,879555,543406,986817,432067,179787,64638,843283,617187,17957,654608,789944,31181,468755,785953,711930,124365,461640,19558,623725,736970,85998,271133,586847,780478,543446,523293,478540,305312,743208,163170,565683,308018,774108,723342,728321,454762,443016,800421,132607,394694,158165,424602,560335,812948,255462,156968,503773,461980,93250,408934,68976,487790,336680,157306,573577,416595,558835,309221,432623,621104,750993,204066,134466,590881,507369,61899,995726,5953,904599,608867,371051,631782,114079,544755,64715,129699,18288,241638,648553,737144,338383,824181,137276,325819,611111,479614,887382,110680,702477,293562,532596,978749,755925,221033,455013,17490,496810,690541,296884,430784,464163,61655,629836,53817,875767,513307,713989,742623,14793,238613,325558,202814,832300,72065,439283,365249,663127,47177,782497,779072,104484,538618,311899,296445,989490,958967,438922,284210,946373,594867,813800,843665,329959,830576,127129,154097,749982,100838,994658,387121,18577,4435,260754,333505,793874,157904,612846,318089,322535,776043,248617,966047,835050,562368,444826,784813,491898,237911,308544,608329,8563,763225,393827,772841,405349,662376,378209,772043,966484,715583,722909,615085,60019,970372,383259,810328,559633,945980,112689,178110,69698,441301,988596,345040,126751,331312,352298,443832,282177,861556,153418,798406,53820,773392,684898,864639,18811,103696,263810,26130,898549,964272,919534,1606,906473,101829,953579,611901,66330,369466,965694,941151,816412,614910,182842,266132,238284,708133,81294,868723,127767,698813,367093,298490,177781,979332,322772,916910,446912,248606,756926,428114,821172,899381,621679,342252,816269,992844,342744,931787,721071,808956,770568,230119,31931,459457,39559,589168,880510,406973,407640,245446,49648,482346,960650,964422,988968,139026,786768,748963,866556,571970,303983,756260,798665,806240,554391,789654,780188,179640,192630,307582,338573,170067,763114,869292,847900,505648,261071,368329,178820,788204,981074,684358,931790,296665,189638,560121,397260,463231,625662,297235,251576,981286,301720,450989,875012,670731,36861,684294,670268,358872,826588,29687,795985,657400,869055,780713,318743,934562,572885,171241,882576,669362,863343,241357,644431,665639,122473,890764,759634,510112,271099,352930,950211,999292,869074,296017,743573,145070,525424,840678,518642,612422,366926,97938,897773,851860,245679,394077,792421,687398,317947,316826,416937,25504,602783,972904,73688,28535,713297,861375,548172,935290,997480,919065,413168,131992,526471,620469,781332,189841,790553,923087,789423,722258,344943,473514,959292,980289,425812,982878,315165,814980,549829,830104,152131,840220,381442,232366,916019,109009,673117,875637,607281,775062,290009,462663,955179,256247,551904,559821,217305,282255,633683,451345,683184,861373,493969,714922,792189,983400,702485,314414,43655,912883,155333,892377,187889,224178,969292,870734,856322,202188,881696,898871,807116,822446,752648,131480,92871,641731,737346,677421,339305,787970,277465,412310,99994,377007,584253,764784,123471,800130,528688,649948,550648,50763,639890,153890,226030,145547,561033,106943,591321,923729,591371,448873,292635,122922,363966,716870,622593,417064,730697,778274,40409,281529,710787,64930,272635,86548,272056,724212,454671,958675,556991,886783,864571,198693,856403,637800,704719,42603,543293,676736,295775,856195,55599,297826,929142,685737,298460,587441,257489,703340,480299,224416,897605,643344,728739,769957,989849,236041,226935,227171,773919,893468,822253,884769,383045,761975,988984,198387,525675,205468,730999,727396,115858,982094,246181,977305,698984,332529,202309,516336,622465,592211,801678,230448,824263,205935,856518,373475,91802,748308,969691,941183,706512,324011,46204,949273,21844,358879,975246,442148,588127,765939,775468,404909,246308,283582,479956,580831,759283,61592,310533,686785,184298,853066,765853,695918,707467,784741,298249,92541,855649,323895,815235,248053,713984,532664,431847,718401,411561,367001,321796,563121,997657,158463,97825,643867,998463,958276,720893,746631,826245,668991,235308,13891,888231,959081,95522,913702,792042,361609,412873,369489,135363,100885,651065,155197,813648,993747,797322,608557,159622,983957,400836,860277,884605,597751,718666,723050,47464,683140,663035,464887,146905,901431,358549,220277,322475,933800,454071,36413,501508,901385,374079,828599,641947,345609,240648,307249,379037,519223,963807,899613,60851,471071,231183,546613,626692,730032,552738,35938,746578,962875,700672,899520,467945,766814,837327,920210,829596,402322,300962,357788,183339,395960,638055,388054,113687,165454,284405,631927,423508,737551,27337,530049,992731,521069,423244,180332,307922,855107,199819,219199,876077,623114,506188,136551,578776,328738,248240,786432,650034,657965,615565,853222,125439,5020,903096,243207,610976,4089,735689,117264,844855,749954,394778,765504,746876,44371,508430,509862,873088,275776,80243,10075,961540,972051,820974,380602,548042,74793,130215,60713,26675,561517,140697,934540,460804,996178,200011,999848,864686,621848,504117,722421,815144,781468,312542,936761,998864,127436,510459,412968,289604,701726,353460,477910,833954,496678,405477,429117,349284,733986,961635,645942,503924,376469,812708,186005,611500,228486,475807,488570,272011,138140,245839,947457,853577,893427,795143,671777,687829,425028,846365,903822,732992,888752,216889,858905,417570,130482,563554,706582,734001,255252,172981,362280,913690,124354,151987,834402,236280,13768,702208,937484,837775,53469,667130,31264,853945,89367,811726,692636,134488,805843,537469,719940,201714,316850,406703,458085,231986,335812,757589,599272,988940,935125,332481,701974,611932,340632,748631,308531,606599,506391,161723,815412,899985,556492,760358,799761,43960,291636,355723,281768,16160,830272,562111,181433,933783,822998,201931,366089,258995,373706,226628,687635,503789,793003,112749,374371,354338,668910,356247,401891,881754,473434,958462,498019,872929,979915,153717,403976,533055,262698,155620,605936,218735,438212,355854,715680,207256,302900,292579,371372,637849,192290,335816,296598,664623,97285,272730,368643,47557,243281,632446,951882,530761,700823,300292,64290,753618,567721,435197,806402,566233,955157,870680,226661,833546,204016,589180,863793,70515,581718,365,28175,11,150837,222134,292654,696522,283226,890806,95867,970991,82148,974994,408299,587751,938564,709611,312787,933018,590727,384664,796107,731291,362195,859606,165584,648826,818562,228906,371208,293361,417378,228406,750056,560868,576663,746417,200698,294976,866032,442697,727746,480638,412899,359689,320140,781003,336269,850099,581714,926755,703046,674275,606899,254131,503288,559924,679180,346686,247847,729564,11725,703292,892241,504424,248549,822298,377101,472300,947126,308381,147817,943529,998230,639927,151092,875787,782912,3833,919958,239084,965530,465321,147491,542532,840638,933729,867220,976095,876846,903798,238187,236552,536,491625,853943,436473,685250,126019,599213,383543,347701,70119,231845,501453,894619,131413,372519,97277,75443,969008,448011,764632,578510,267512,880269,971174,746784,332318,509349,330797,371205,440188,745234,634314,252455,611567,388332,366000,568337,353238,433726,36072,397765,249010,349451,297429,893496,453663,357576,815931,628985,655604,869835,424650,749187,945536,198555,63460,634957,650666,737944,18345,550436,499948,776293,479065,405407,34366,867067,215153,538900,151751,26398,784877,322115,751873,733633,648003,213423,985378,425280,613653,29266,981106,597793,350080,813652,803168,830573,157325,40960,220702,718709,55702,585288,791826,697285,489363,207478,261270,296486,556219,46214,998973,981903,568254,132488,637265,426316,509553,219450,616355,55703,629530,646732,154752,554831,504773,808005,658238,624866,785793,359873,473414,169338,834347,495064,299873,510014,907459,562081,85964,685566,149614,370186,117151,632534,377383,128600,367562,158706,402810,870348,914764,522875,539831,644242,706927,538568,162229,878681,524163,511687,829621,865322,886219,44128,290508,904426,702379,366025,176430,767852,917680,708688,445331,380219,195851,921975,483179,238685,586646,174393,80614,684059,180252,948949,284332,470271,33719,343941,881601,237154,978468,42566,774650,344866,845604,428305,742630,533667,86923,138246,793523,168912,91028,176936,859579,507137,627423,515583,978555,53084,572632,94354,613447,387943,808275,244017,454815,779298,595980,468717,952138,784714,700910,608001,286558,550226,528230,590225,824613,638526,302681,931641,526191,883277,729638,202285,963450,303753,357110,986992,948915,689251,459795,858756,465388,651931,711791,655464,121257,208636,113174,166874,159542,519921,362397,28258,228569,817968,496616,790345,994608,478376,282150,693956,589787,117348,293184,84577,529973,829499,95721,945991,392162,555897,303456,219169,15623,584265,364445,853197,618544,259004,184911,207808,85441,889091,500018,847840,631077,650067,812370,199459,379953,32488,200972,736858,984109,786010,773663,614101,940057,237714,941631,449475,525104,484769,712881,387234,78771,455614,386560,319601,679983,35364,675972,586295,508582,953453,297708,899774,106418,698050,106563,150026,769621,297279,474843,236599,161676,476396,846110,88351,317311,888213,60111,182470,748473,527191,595988,629710,671047,275565,717615,442450,203821,298387,469061,24585,617677,232197,837565,661162,522511,588366,698003,139701,552972,298276,608990,64420,790808,870034,790753,39420,797849,621107,243161,641194,914997,2226,985847,720907,280509,187150,412671,36984,660905,864350,20082,219721,294673,67566,550937,739332,997938,874346,844485,202375,822142,487337,207380,225474,715160,241873,283358,761703,283358,708490,818988,292866,810906,501381,223844,468760,534129,903256,910165,74189,427619,978980,992666,909049,562811,417798,340375,570469,706288,613687,787134,526475,588075,969614,890696,61129,406767,986385,697211,158983,228623,332657,458807,848745,640713,782649,781477,675271,266066,77453,557957,554873,312481,856347,237432,878010,726704,931054,613595,288681,237990,950726,368158,59156,337666,230855,952786,233017,118382,441914,920578,307679,90740,641094,131632,620438,626280,594894,129832,366676,853500,415322,139886,976529,718325,300058,981911,242061,409495,719730,894574,242157,882649,856581,799565,201877,706419,258700,889109,207214,752689,376552,151108,830612,226071,392718,692879,633803,58917,639234,834932,582353,260788,312909,264069,663111,523126,660348,423234,611073,237912,415860,597969,219890,915531,810432,779776,457944,552596,977895,612100,190580,316800,550260,4068,475764,344742,801862,453949,281563,990108,311488,738114,252433,657595,776175,344313,641012,913074,902053,44374,112202,750043,810966,492244,196519,197545,540337,219819,924541,719539,127307,309917,829460,495126,850135,797144,15896,31556,261025,772253,608242,76617,33143,882813,597808,838238,351528,184310,816275,436507,116396,659481,208462,532143,427621,135417,589156,913973,410012,428663,836133,486331,582898,493450,578587,316248,962489,454078,836859,20586,129309,930210,329952,34501,292832,354322,677062,409918,111776,343100,192690,600531,583127,835761,248127,177502,3652,537773,876635,362635,689166,169021,335031,59024,620191,479605,351861,698391,392032,940958,180005,137084,993554,498646,117149,559516,716999,790075,142234,491058,575027,589522,825016,125607,309127,308177,842906,986975,12319,19897,260887,335910,923355,962074,978221,814796,376409,615215,550194,166396,900031,120360,115341,369128,592937,111523,28697,911184,842402,377839,621907,518165,892842,338379,823332,799980,405838,814432,710689,586527,260273,236115,173035,819600,200583,717921,340913,712841,739657,287468,866942,315832,741774,432446,574892,208838,274118,646133,434663,359338,161674,569561,193996,533319,875166,139048,867275,476540,972232,539093,815081,518002,719621,390871,986761,790925,298638,396572,660917,292079,57843,3983,395942,171631,276679,742375,592382,642783,410500,85051,678350,94588,16360,853405,431635,101388,713409,545811,406255,110935,230339,772233,781071,190262,351913,112498,792516,793626,928568,121959,614092,461910,142553,109845,464551,601838,353344,344225,540106,821099,857726,369206,326428,504385,256697,401790,762917,149506,824258,298742,114920,872495,914627,22586,485824,148518,22369,112618,91322,344924,11209,65598,380012,224096,621911,56231,255658,465022,412509,828966,32803,445644,432262,947675,591716,152980,10849,616485,388530,767403,193158,759397,734040,261548,413486,783953,978416,334520,264547,187939,460728,811051,899081,848963,733709,540382,399650,545327,68383,230370,181205,177431,265131,438651,936416,315296,132113,863237,318926,120350,481078,990784,92743,370591,752593,348451,663205,607216,950903,747993,357183,251557,359468,460817,970283,282458,966307,855218,40177,29749,716815,324852,982658,366784,834133,877938,117146,379856,692059,622383,362517,41512,539038,880924,895114,610805,401193,286402,450353,714980,440313,691369,603412,216592,549565,33668,712601,772805,657246,649559,220762,685423,948694,289029,677282,959048,494265,610322,790481,898254,908430,570427,556762,423240,64229,519161,835556,302350,467145,188613,399067,880870,985343,44540,124442,342781,491520,386305,592307,55144,776999,254459,503097,527753,790675,787981,440115,354172,803010,21674,323753,444903,245897,31741,369417,644654,386797,953382,573618,139856,573768,861591,506167,262402,746003,125943,611089,169471,523484,595545,730793,660798,581208,608413,885700,354394,856693,654978,875464,885249,947837,571181,951495,168590,420588,105908,1933,752911,13495,874067,514827,661827,911290,777638,498981,550889,546479,12241,717876,304358,61330,696943,490789,103023,229995,647563,962329,117686,67948,15461,515805,132293,808108,309919,947813,540554,440112,369933,184734,864898,947520,421394,556363,586880,393058,507136,481881,313387,210451,121958,14071,229908,551783,38932,839986,246055,384826,384280,742165,828500,468921,275958,819335,66350,139984,928766,884165,936885,840223,865041,322159,82522,361533,946143,394112,655118,828923,391829,211165,850411,754886,813244,6013,846206,944553,843507,680387,465765,562309,374530,742185,790075,597136,794097,368570,617497,684019,68741,417435,467444,415744,301881,39605,831672,946160,803569,538492,807487,79669,342036,873940,139039,268537,272036,831980,680557,113488,650772,186422,734586,539013,927429,276891,740004,173346,860083,179567,641255,829467,493306,99480,488733,202325,42174,158513,920637,340787,424803,524373,969128,41240,700885,143389,773297,883143,233715,477194,499275,589966,439613,608081,579848,156438,782967,238420,804544,36644,956435,669073,788405,455742,317322,936366,461190,135024,500472,54455,941287,717055,46353,793390,806832,378700,820031,394442,887841,29884,979141,798885,598543,889531,690010,231659,31101,535574,748099,337913,820729,18452,970198,901916,986907,100441,440395,797143,845755,149301,292239,702733,406047,816495,760975,774026,318368,925249,123366,130191,188168,443175,697934,644906,900493,283517,82143,384899,480437,835405,303535,209328,445639,687654,446250,562164,354874,272210,411870,770575,176023,895059,496665,911053,137497,869844,747513,326942,162853,481821,642270,663743,733124,615261,558473,782229,342830,535669,441000,573296,917619,340406,223268,176744,82563,795470,351059,698289,35143,67802,684909,717225,329062,676243,232713,902106,731348,185501,12039,355721,590131,806505,204279,662576,946400,820490,946490,324298,925470,747328,310680,563667,587945,508597,849864,146661,767835,940713,547370,400834,547322,913349,672199,666829,982088,512451,611932,571022,709310,66848,360686,138799,2439,944064,327847,988418,980738,734673,637781,445467,180700,34767,936330,28863,872314,557964,637257,496445,121129,870314,7597,683647,75340,758649,867142,526315,398878,186341,208392,359819,902165,431510,904233,824008,396798,496495,104001,825144,305779,241735,741737,326409,206640,597580,124555,409040,750246,720006,491981,474762,287149,770248,695739,367986,560454,456882,806143,293856,136249,306613,358737,571463,926761,557723,848046,866648,971098,180633,674659,440571,192651,198723,702624,617743,900868,105001,270854,547766,998968,664030,444893,387424,273113,445133,590268,376350,232276,169659,27764,797356,957271,47897,980729,858985,417259,205444,939447,698626,192643,251303,651455,331827,693182,132438,523705,654701,58402,816283,432077,493542,235395,794928,432003,317733,508056,968477,458802,966025,631460,824393,454779,478391,399428,610283,859061,511484,315970,915686,112385,962143,406571,463442,521754,122475,955658,527751,851799,38229,931006,516507,254596,543718,991758,542692,928091,746824,830171,49288,197886,636540,99760,863927,868673,568299,151449,258544,828381,437943,498677,813122,759814,407703,921733,376761,719231,265353,580068,900536,651401,351594,452385,625160,323071,549826,605858,320,980510,863703,654895,855323,89122,581570,937188,750149,228375,824682,340643,404089,527693,854077,760228,313690,346780,642073,271138,277677,688299,219476,946769,25724,427515,65036,178288,94409,820875,687551,706546,650379,873230,511193,738849,464481,384557,260866,884142,253027,646607,826337,1041,832310,92571,183097,52922,921058,354610,357539,633920,32411,665103,335086,866484,729670,919535,833771,577940,936817,479341,168919,743134,607797,44019,329791,51879,143701,681971,869427,973032,669469,184416,713507,921286,143313,650373,926950,117147,833219,89181,145698,557450,854361,178627,786598,113262,814538,361721,475736,895786,262969,541400,241620,749820,592175,518679,420008,991023,347606,517620,5274,903691,269454,982660,420939,401717,793606,332408,202103,767411,115338,683260,705259,225485,810433,403664,931063,898199,645251,820003,194173,604095,200278,652822,745254,930511,656983,785626,842018,316104,870069,721404,683940,435455,957922,977727,999940,841370,220630,30676,225000,812955,194482,922813,259772,759750,386708,698456,180569,678724,545205,956896,930946,255065,7476,203646,121774,38340,14859,877172,404510,312521,5851,764939,845879,722836,245011,107145,56990,726547,274895,583718,536815,650532,810794,384734,90198,323183,13540,426017,151128,634403,485874,943663,799851,659635,308288,491466,912472,602269,128771,521827,734042,527351,852150,885000,919799,942131,86759,419672,148512,248660,827532,344094,715181,183773,48224,396433,250663,143505,138786,831834,27548,952073,620348,859689,544136,160127,813591,141885,969135,671112,33778,436580,967450,767977,532037,948684,821288,724964,307134,394485,870577,871302,754457,359038,331288,513100,638580,446934,991094,210827,831574,712009,620976,146539,207473,90171,968434,217063,137022,937195,569021,125750,423825,120544,67464,422649,152144,574121,424571,889483,290863,748652,602295,341575,356367,702560,840127,682497,647410,82900,978482,897714,143440,257865,522315,688439,89888,405398,269983,983592,509229,680101,417756,381827,478243,542006,612384,717548,842229,972524,856178,412758,791461,112693,683635,538760,607491,140559,830686,26178,302415,472251,3436,477177,513652,603569,114409,12474,327683,819886,490605,168318,352209,367488,103726,27085,369966,242862,974124,401365,538534,789358,662940,249783,331243,179376,171641,263687,684804,848183,310273,722453,908493,138952,99960,407850,418249,943255,249867,67077,655734,1506,745963,286632,66611,119838,445326,711046,224532,109913,240560,925662,349248,975524,768045,608030,836439,892393,832550,734478,124550,123566,921245,111384,968161,801538,650302,832206,159249,953668,887179,389915,58130,949801,520711,722004,706974,885097,838524,806347,141245,624316,981874,663595,834996,750170,834535,16908,179473,473238,225723,449024,136805,597628,337913,70398,571347,774335,961620,634688,681121,534160,228589,853984,318432,676811,717362,915517,767007,274266,49024,816398,387696,719247,316287,276777,83379,234402,629433,348967,400038,932649,86715,831008,759743,610914,970485,328340,537573,600986,140064,897168,933384,651948,252090,599390,553325,140416,566240,763343,485117,668860,171059,128318,738690,634365,65161,504331,294763,84724,702646,795225,75796,478256,928855,803854,563597,545169,822326,331138,437830,255919,692784,660853,2897,328172,11749,752802,880302,622840,628444,833234,220903,843976,971692,126688,320906,966208,778598,791472,233811,659601,721143,584292,471465,53300,991387,284063,39575,29420,951151,543225,612010,179745,391171,311944,537631,940805,739921,103573,829891,576763,677309,739070,625136,568657,538925,323038,534670,156374,81456,551738,223303,665609,655095,25220,309343,10777,184586,911685,263931,202391,394053,290641,204858,337689,280607,190358,500616,518751,367691,513459,413764,647006,32202,360575,484460,598981,133233,271343,875195,369003,229746,622038,556296,616570,145391,172514,86961,876257,490607,568639,774359,632283,590341,733340,19393,859991,854434,158691,829667,175594,120692,732223,162018,809804,910254,8688,838879,612309,53147,609406,941776,180824,383944,663236,899067,868320,584166,733483,796365,435874,990950,337645,719890,361187,585853,627161,583844,545747,280256,731982,93146,902251,659448,650965,961594,853996,201905,322250,959281,251358,610151,830639,934636,213004,450337,377848,136358,959249,783815,654476,76183,425627,938543,798902,982426,650029,542709,238710,51359,873044,82154,318717,245296,792092,169342,13002,471654,686245,800359,925512,360025,542076,772796,445627,346959,182863,205335,644189,458011,330447,75599,937478,608146,186442,849862,890814,461621,221691,850943,551964,335480,109383,237364,745046,914539,131800,344922,769723,773934,640838,937481,532818,578782,495522,827933,712957,392396,900273,24946,495752,306930,911480,886481,230896,283548,989941,627229,387475,24599,207366,638246,310502,38849,4319,279567,637705,340324,236425,696917,980505,517016,259603,914834,918401,825891,600745,490145,833611,249565,296773,66407,383167,849134,711768,890356,965487,447473,283893,671991,621286,890099,666125,600114,5060,566794,993623,740677,203933,587961,295266,6048,605878,723792,34710,210598,557916,336294,992636,120422,950691,399330,459033,919754,503531,962190,102509,396916,288780,610304,536580,774827,621011,642817,523107,464915,472874,427976,146620,244455,778518,318884,275972,944426,907891,803608,947715,855627,919723,567016,569050,173158,950587,286870,470604,335627,172032,146325,937805,952259,547310,1191,130078,806773,170810,503255,875654,505295,134372,76707,240346,904847,622646,543261,941914,55710,622131,806176,310139,451948,394645,597434,664285,584829,79041,397103,975456,782960,893613,63542,142479,736690,557797,292446,251259,373664,726770,107501,297775,72760,158507,199772,462187,714292,102116,897557,920930,847035,300901,354047,572098,14,846898,7829,734220,224197,777875,497506,423880,483584,240188,590041,306067,34968,90829,317639,116984,59240,207852,845611,225890,704773,353556,272515,714391,802983,767730,480033,836369,578138,599340,532715,695084,404710,524389,550794,578748,709274,467940,21200,802319,132296,76469,998873,411784,689986,655350,541998,424877,917225,729829,763289,95739,762150,762545,936111,121541,229105,703598,141792,229816,617859,181262,732076,355538,901334,727007,38644,258100,352326,948074,147114,768067,207107,599377,861649,117426,292217,674144,567219,347244,323168,445390,768847,358008,72816,546492,325584,929325,756398,860566,305927,338483,629185,860378,698198,660091,705223,521855,345214,540809,967125,875544,994883,674163,854759,93985,767571,493095,463264,72529,585857,870808,430993,708981,600188,194728,623163,133919,934021,319673,406811,36873,821603,873991,615992,313442,24492,297369,920526,197733,627761,976135,568291,917482,241651,586833,350371,124351,301077,530328,304794,24892,487424,267,114751,815176,1209,226726,248250,202750,728105,449716,983347,234493,193502,74675,316371,35660,377544,860678,338185,214268,17223,998453,83207,828275,37352,28776,827183,980935,584692,648821,940375,577896,174690,877444,410330,411240,394360,693417,890181,322083,750078,495485,638856,761195,609387,220556,501991,406524,424541,897000,273507,625078,545009,930973,149127,825422,357139,835127,7058,569671,675272,691830,57315,400905,676903,878474,118449,27991,431736,70400,285466,217102,605861,124283,313580,234809,803255,201771,631210,992608,953295,468940,93922,136273,416953,204909,576298,840780,644158,788266,979563,647898,628938,263139,612922,901280,202527,112903,651491,389003,938912,78142,212714,758617,321426,785125,53118,64575,442975,734010,374396,38682,967994,879530,973532,16623,574416,252751,258944,580739,784509,683587,266859,993930,565681,332733,530753,136554,347970,426849,878005,822156,828451,290676,56780,649652,796127,354837,299187,59998,579873,418716,355734,463525,22102,547261,473592,11746,384135,242236,165852,314700,546534,792058,298372,782742,49205,527400,620404,54364,267409,634376,947943,626925,357821,773185,134117,917016,985599,224538,462447,877481,219128,467606,755615,704284,331273,370214,28578,707760,177180,618585,401638,218961,268793,732124,427805,759285,148967,755808,853367,997873,391624,506152,566096,105902,74409,187525,792359,624165,296328,206024,455583,89617,253290,60780,602010,828296,271105,853787,709079,875087,761938,454035,125659,995868,837509,460251,351411,486061,466162,960436,444613,175540,356465,118727,446170,204252,82788,959528,701250,753026,855352,498437,280845,295950,784784,201953,792389,958840,562385,287575,219856,958067,459348,475860,552689,271940,313055,790835,352531,21701,549891,146543,149530,975456,385554,879053,512449,249909,758918,736001,253330,375102,386447,491973,913381,484302,111608,354881,762360,611308,769575,984469,786246,131652,572785,786395,759913,471508,75989,408909,543856,932154,224875,373079,971624,305218,266764,807438,4349,557377,634088,368010,686840,154087,781016,783406,418655,767556,588686,857243,323230,105297,559004,197759,238663,788964,801797,470852,442537,648314,990650,267958,869622,479564,61154,491714,478984,765677,48293,977464,38473,679931,10584,219016,123590,160571,879,858078,824798,758256,442799,351414,486260,60304,30319,786377,28329,18432,408486,945722,21947,436456,920301,409024,501181,572007,998038,108435,353900,415130,996954,952605,155270,744462,418360,761130,791585,868172,594452,907103,448009,620690,585837,237235,474664,809437,739899,813254,350769,861219,473763,924129,417341,333193,543973,400172,302832,943781,364791,462871,955351,681172,64853,145659,165871,402249,408766,884814,264828,124904,762562,93432,704411,551290,196249,102755,22833,440136,399246,22981,943839,976405,290923,220495,340789,963532,450165,49386,627548,443425,762722,874689,501920,834597,323634,166269,708789,776525,393031,673173,864874,873857,731246,996306,62606,884272,512989,459546,43545,764929,622983,53127,49490,709186,97431,752418,331142,521200,257287,60168,137560,921415,789546,707423,205663,308365,643431,894299,19204,169700,166581,429774,261918,55153,860667,595835,961280,394860,746688,399163,96622,227079,182070,923736,378524,908625,953566,655819,605917,748599,166103,955010,289907,399064,652183,568774,709644,133244,780971,169947,203522,90580,991944,935516,85332,650385,343040,37188,389263,608761,951559,774620,741709,710107,280957,375403,48313,138386,674322,692660,40416,200412,357193,63229,794292,537916,723921,56842,701700,841560,880929,609493,128119,386935,12667,125852,370758,501303,653607,866793,187931,428622,732167,715341,100257,939131,118672,488198,428415,493206,281616,737902,609692,760054,965073,889809,195216,792981,47941,444120,282703,791731,131997,817739,377942,310566,225867,328087,753244,288717,957253,249611,996350,706846,517274,133875,72420,538165,673661,754761,406955,461838,23669,675740,506659,780748,430663,707747,273172,417561,952969,339974,158133,645847,619426,164848,389742,149385,864553,133461,234263,767349,730375,747457,58509,123388,732614,138085,222190,120271,201864,654157,933274,41780,252548,977323,84086,905732,653412,134671,551173,759678,1145,931189,927394,679610,48477,534542,307986,755945,21636,910156,254140,170208,398632,794810,574195,409785,452913,954591,808831,30120,592983,896589,689042,341217,629135,76816,731081,585970,336063,510131,314183,342755,858578,725483,314288,840567,642524,421708,701512,743177,110920,646696,459215,2324,987123,575815,139094,463060,416920,848471,576645,865581,289868,919567,432951,112574,704719,172907,527673,987753,885496,751986,403803,121366,863606,896782,297487,271676,57746,630090,397198,43666,19100,321396,982182,940715,469204,119802,418323,931307,442064,793496,864646,599711,689815,861283,517828,467310,297709,398379,521444,663375,532522,512486,833652,552029,880602,174589,24556,181788,409617,804460,596982,446657,734988,487082,71341,525904,357931,732967,285613,685277,426536,530543,155647,779486,479859,479935,607303,312787,992667,274708,152754,212404,453132,392355,844167,991107,911419,155665,515848,92862,962484,913511,212094,782447,424904,199428,170886,749979,613444,491754,199692,478801,479748,38726,554256,734918,306685,519885,219886,927608,89552,819776,514485,625394,302639,652878,885174,693748,575195,338100,21341,45956,996293,872288,173544,55489,735256,483840,994427,874496,48453,378649,417172,959631,157388,418035,510669,27091,941131,152156,87284,878879,917609,292646,527126,36631,560696,692271,866452,611037,637440,130080,892413,255820,695538,627672,120111,570452,322039,59993,52508,69332,587554,987992,918038,285001,694361,327467,810505,174191,134418,383676,87470,857520,520014,627688,59496,200558,768741,308227,259778,995055,637958,816173,563382,660433,734057,50421,578304,235953,196908,318196,251980,656271,270339,244333,664360,448601,198257,821007,708412,907781,500840,641136,862297,420624,444428,856818,709687,342626,247777,471313,542515,960784,732280,82616,151706,645539,379742,446156,839391,243116,351360,812584,354040,761731,825910,119811,317436,181761,809913,570278,6142,81598,795123,601731,353600,926794,981808,555432,137915,211929,700943,609405,573145,933399,107388,446821,424811,14779,969232,819603,710312,216859,667724,955160,483450,16058,185345,262161,886804,81830,538252,100476,863306,148660,13685,729890,845160,987694,360550,379542,712687,117613,906375,917549,168292,435559,729200,985561,790824,390348,226230,944142,73283,63469,360884,34448,878031,915044,878413,486057,802986,951803,401204,429516,986523,171704,607432,352125,681309,782455,10271,446891,813488,949326,146884,961013,483969,954099,767110,527843,842865,761835,315176,456846,988089,817955,474266,602945,51879,583805,490510,211267,312927,836066,351630,172079,536028,898640,326600,525445,78330,617216,324802,223199,305376,639728,944599,610193,901808,350344,15190,670692,474118,246241,474476,25599,167319,642964,983437,988084,759981,378780,904131,241429,232821,207381,503349,750546,399164,739147,5538,540062,113949,844784,592652,526207,3875,347254,161817,136672,961023,109830,603020,789588,994165,426989,874806,912522,938917,959149,288041,340321,563765,799539,51553,521472,833255,387157,638415,812332,819354,128838,724706,163605,82315,312573,165568,841751,363628,251991,844493,365332,238502,887604,162051,843292,586851,657976,877957,381994,898877,332924,44541,834038,103269,254070,869150,335420,122565,294145,927180,641370,228661,99069,255722,619894,168642,341746,449550,378482,960099,559622,334423,513115,938620,851886,112336,697821,845008,438646,504693,536092,578040,348112,596536,982633,417189,824730,497378,309641,391912,248406,952949,743155,79940,701832,907686,398252,641024,666759,512632,833297,324851,428167,60351,415633,237320,589249,172767,804307,639029,109326,373872,592735,999374,571898,538143,76226,184177,303070,248374,764224,301823,52240,904281,691802,29701,453927,913635,21545,94544,742276,78808,874974,409692,215714,118893,861076,888152,344843,107469,959763,777499,48954,912027,152758,635203,411826,701349,661635,264976,729210,613051,34759,953901,786902,404132,793141,805148,831872,455301,596859,395922,900514,350247,570631,709767,759782,859665,689999,431127,688753,827935,563412,152859,748076,483952,665833,789755,322209,980206,630120,669121,342108,216341,147993,711058,318703,953337,632656,86768,244814,320660,807402,741571,59923,65151,835175,536897,87908,712864,160916,104716,561106,362471,404634,979967,865315,417731,172670,665805,70408,290469,964853,836465,121593,469133,492088,876729,839067,931972,514353,948098,735408,874839,448581,97946,99408,778243,411644,568729,313800,916850,232760,968828,780120,391647,922079,884521,5847,810165,444940,977873,489299,452551,541373,532319,41294,985797,729773,585864,271737,777018,823853,815391,496608,777697,887857,476173,686633,959927,582671,422546,626112,846954,883911,205132,851268,319513,311887,745599,86707,322578,268360,818834,45574,896665,367849,926650,309804,31480,395011,551701,345186,733437,465010,980579,927289,263685,66570,395588,801340,284443,234830,61954,100805,485242,581089,518189,286408,970486,747847,465064,953538,699423,35337,892135,519361,430400,983045,115977,757912,184463,435444,774325,957955,362745,354134,827764,43368,76454,662812,575112,156416,329040,809801,986806,483846,975957,385799,13560,112439,411070,753689,308834,691446,712450,155522,653117,530794,771263,690366,217557,795165,166362,989021,436792,650018,625965,779968,285711,176460,685333,935532,717898,775449,104284,948127,977729,660314,989112,789232,745475,644020,728416,134067,15661,758981,626065,789162,866259,8015,448370,457437,339533,357394,509208,767868,413526,468912,801148,433212,160390,837095,721186,768510,234638,487122,580781,442712,799513,740036,189720,309452,537483,353642,78345,490742,486054,600213,122342,200207,179428,661074,327924,837305,969041,823400,379389,758777,66759,90316,297299,255488,565364,696529,851504,432993,671673,737254,803284,675928,31341,525581,685478,381819,352799,151589,519315,415280,524815,288184,608262,771446,115393,416693,136049,480077,423103,344085,151079,916379,242011,468550,787184,956841,480413,307259,978704,682873,138145,703756,715038,772347,811526,127521,39436,325050,452192,628546,804295,328025,613458,742499,473704,112116,681084,414098,504496,298102,361172,764787,807976,150888,309002,398173,677315,767658,544465,605740,147532,822891,456696,600766,431144,954754,835562,592223,547219,113535,543285,577881,672132,248410,760368,564518,875619,653833,990556,583218,333010,911044,952195,108689,863145,572079,898269,500619,891708,524313,319998,607958,53513,753660,695508,282372,573468,23468,290939,895890,196389,32305,31153,237771,313712,807590,278305,692409,131378,491943,700452,339486,814563,285353,758563,174642,986111,539413,619389,124100,887510,800049,768516,880177,755672,292469,130092,452720,18906,759519,156778,478059,503652,410357,635722,964171,572734,457156,335077,308840,730396,347408,574096,425575,420074,569943,687714,732335,254241,556808,413888,598032,523646,952170,965770,899116,911540,495617,925492,709087,890934,945330,684943,440219,115016,868895,69925,166817,615779,236791,555005,128529,888397,46959,8314,650102,513156,340195,571391,765630,326968,670238,763553,382861,535439,727615,556080,512862,53979,895860,96305,165344,438344,24537,418755,621874,760902,903143,904993,474769,446904,868018,926996,144230,833356,801224,719858,857607,16946,166845,597492,391216,187790,366056,867204,545153,917604,711931,573287,499322,215531,873008,709627,828595,281056,501982,289431,919990,540186,406189,828927,810280,98680,311964,416366,721493,679892,54234,850600,71587,555746,570631,784324,367153,68892,81388,199470,287170,436911,109405,363087,565220,573385,111045,696867,389466,231440,766956,422707,269357,215668,225836,793006,785411,638174,982079,758945,838045,463058,994818,16607,72361,231025,218404,546429,671654,830878,974933,944568,439268,364944,178031,144820,373247,772610,552813,935903,920099,250840,293462,872115,354959,524721,512503,398486,413908,212987,489593,762661,310325,745511,333446,577977,318262,795545,465576,214231,336902,109955,325807,228762,139197,806108,278202,953749,608550,223625,78779,911454,815117,447207,265933,575940,709120,17393,363571,314643,624172,909411,204820,602636,814248,283869,396526,340934,680844,64345,387583,782778,326269,816894,444060,749994,685913,144251,689618,70734,889749,465245,240469,98347,955535,611849,402223,221241,474741,428682,298812,776817,985684,734317,556148,560195,642343,360773,148199,710378,663711,283723,20924,916093,98260,802774,123603,159277,457051,252551,157094,518960,836818,503423,495910,457391,707486,418270,862747,823226,778738,534854,34987,366694,598425,413741,936362,500312,208221,656071,493504,110036,992874,184275,359584,423825,219646,51926,114676,606993,428645,968795,587300,974799,836116,637551,882750,327753,632585,879271,378288,254476,488634,193232,462695,826198,717122,101808,8171,662849,716563,654476,884819,239941,734936,179627,267811,354162,2183,465979,663814,569568,916781,233960,557080,478203,378327,2712,239932,330811,881022,31326,339684,574256,1128,278938,456638,438639,65155,560411,955906,847338,5932,859122,520198,941965,275375,587606,140695,287506,590677,903042,101906,636893,541803,447146,551585,88983,228016,155754,501485,141450,537354,905627,577164,569714,35787,832155,615786,593410,586069,810707,150280,387918,461051,348062,483153,372617,680952,195601,617230,1135,240639,601335,275740,241092,54338,303786,675434,350436,909857,56552,4673,413620,694871,394845,661398,855070,877949,28532,291434,28641,471305,958631,609506,104821,653061,325706,452223,547246,878994,692380,129807,989379,628573,571626,595480,320496,239802,332580,774402,3694,485433,733189,415034,772367,692515,612133,737558,329732,688018,709415,640275,579282,856020,705598,940517,172042,207067,298357,37111,332096,876333,373946,276792,193325,660674,578275,974196,125427,143681,863435,194454,681645,645758,192054,605809,121260,97680,33805,846310,244599,113106,310687,17901,492539,506388,16453,615695,229872,211527,104710,781792,110674,482004,803402,424739,90846,563350,208784,253210,865397,998568,426053,118883,990054,363706,249271,658188,284861,197767,608771,830497,92654,588740,402634,226847,527157,824023,293931,74100,297794,874304,700578,748503,702216,712837,452430,715721,883106,396238,19755,23634,824376,157606,493842,742032,954962,385924,603276,527400,499143,40663,320811,279470,624389,651569,692138,432437,161887,732548,668300,161806,502580,699887,564565,223820,712628,57963,315724,442497,634382,551717,431891,567263,118559,591227,987509,581887,165495,706701,108607,327896,232030,855420,919901,362346,585445,300375,153397,529347,318395,288148,585645,357876,714234,12847,379003,655399,500867,173310,341977,761236,59052,799130,246205,429627,19458,850283,570019,778299,962200,144775,331608,40583,945058,970447,100596,11240,592512,185650,387632,47942,945209,292604,966690,984112,828037,879366,435941,255014,874251,17617,426415,267330,131215,730156,249101,800758,40573,69902,425093,585713,934426,269969,87976,827399,734866,403677,236075,260497,517556,535190,256892,604776,438090,771942,845482,590091,315688,586687,399746,702103,837744,151857,274865,589748,567677,77516,684934,135531,348510,411699,366491,884618,74075,606802,500795,866900,856168,149581,258309,926657,395461,566069,497883,952560,602641,750724,745303,705768,181870,539736,414725,369699,811248,585458,597960,899865,105825,610036,838819,198062,905073,625029,992821,729951,6321,115376,293146,889053,893392,926441,727467,353392,706476,749958,553110,373161,899157,875714,773256,951230,47447,447267,495060,497951,603604,27195,760735,338828,957309,654693,250217,296895,419362,914742,376398,144301,496204,870670,576614,66251,242849,423832,765383,57714,106862,334485,925943,502412,327947,970980,345846,984454,375494,149815,486500,289527,102975,765674,166079,509633,93179,322678,528128,327806,636589,533151,506133,553948,280843,54344,892294,576872,853565,734170,971101,445927,483605,651542,680267,530268,504607,764494,365226,796975,211042,996874,141397,837565,415852,717180,798152,626990,213864,571971,134886,362446,407562,22098,706335,257292,850448,27405,133746,793491,294452,536436,126927,558112,863971,279007,598553,200737,485748,590649,506302,40545,943951,183485,379132,963373,238871,867526,663778,197528,743169,152115,479760,696538,102675,615666,403184,687939,217847,724476,736417,969462,610669,697834,825099,433296,361724,385765,68176,167438,745638,301248,579571,411351,917288,254741,276246,657070,677023,197511,501952,901061,668488,604739,120834,831731,903851,243205,211635,231857,695840,898979,146262,444081,907730,31341,103655,620926,724049,727392,969010,709274,39390,406147,686842,389113,974920,93064,795994,633477,335079,341135,549752,866184,607053,835282,709848,582507,404810,426755,541408,635319,439737,101506,554853,148068,291916,535242,346351,800393,399597,946929,568135,195356,493191,255399,860041,337442,67283,263352,45482,292409,667015,152779,21138,36983,850350,505731,495165,606136,916807,197614,155427,396986,81710,67940,398644,942175,581527,764286,41819,482550,84668,245359,968035,815070,850658,882949,184939,643389,560235,406973,370471,704915,500992,728110,381422,819570,831112,872449,340185,109878,768056,930097,110753,32971,235073,216369,509535,317905,192294,459178,407521,267751,146493,658074,622884,657500,929746,490018,789006,327621,320342,229756,139831,899267,731352,894211,462541,183711,361562,479097,415109,393642,597031,42642,44751,683385,793499,868396,620475,593213,61175,698712,829543,651893,808799,986513,783239,958126,625325,525381,226732,915151,901544,657941,161760,746969,433850,952843,398912,853668,170320,572810,52343,324098,30757,907581,581292,331210,408389,570948,138301,188729,552317,97944,809986,992822,979532,685680,537915,562892,436699,228211,351921,587553,39698,356544,219182,796643,885574,320716,49298,269159,847517,149914,571368,192806,815967,338968,147078,603821,661261,481427,84850,876925,743748,236008,10645,840382,828858,373405,173990,53978,143265,183937,785900,35,269135,84773,459122,701562,795768,123670,263247,664039,107258,813201,963339,7715,86589,997822,653079,98761,805088,426565,436123,533963,215681,566773,229345,892815,286223,766441,547772,359535,218362,284732,445317,201265,104785,882978,74331,652442,391182,865952,66856,998152,768483,526167,279611,583681,56934,608071,271541,961762,812371,984780,197876,992692,356834,866283,321357,806315,612762,850879,806511,823817,124772,829279,5264,648786,534016,444589,777693,412172,530063,561142,662435,198564,564462,867309,168634,418679,315191,305748,699266,779128,238643,863941,312856,846970,259189,140745,903017,54057,964725,126909,89262,246669,804034,933220,785113,119549,555022,865734,33834,966283,294261,939896,43796,8622,828766,329062,128258,905751,520187,126091,443670,184271,952670,196840,197574,991699,714381,694513,451136,139925,294223,726328,700380,275530,169537,6051,746051,572883,473231,254904,922685,897555,478834,220156,991903,811893,847202,49059,482476,635046,137976,253574,830512,954998,240774,63915,299950,201247,449060,887700,715924,961170,477077,865508,742494,369378,626619,729520,274926,518223,127299,5241,1810,42181,903757,80868,301114,555255,452016,806148,288518,60211,460545,860785,546629,963798,620220,649211,616384,527467,506719,944704,608643,915352,988938,422055,776267,981023,140507,562000,709663,1871,727052,501833,593159,356793,674452,435521,420337,60854,445112,848597,50202,13346,145992,171790,944862,809896,133114,463944,871255,29560,462257,60310,279454,260860,64167,688549,936413,231644,981290,927129,261053,852919,585337,666710,184955,285672,84496,573623,947486,776787,819091,401595,204340,489179,220769,835775,72541,394967,412760,914448,284968,103076,624894,829792,825418,807961,213195,256820,362772,948206,183129,957386,947064,258288,647048,698443,441509,215142,653261,520515,690294,396774,303764,326032,585578,756651,952867,551946,879993,335198,173853,34273,602404,305538,368761,876660,825948,809197,494365,503391,979074,132672,49593,82985,513065,819111,593616,967198,183509,293187,179747,799602,340246,590200,501578,91957,78940,782340,591491,314009,23595,505376,552606,478021,607527,315969,818345,596939,9793,889372,282638,905850,900039,798277,412129,154927,982915,670820,549615,774502,759284,877920,586890,329771,231850,398207,688202,944306,699384,446019,622355,92469,522132,361734,282783,814958,381322,227496,108839,37965,707016,286401,197574,855320,29465,845514,758939,17463,543014,275683,682854,917887,350066,90986,654453,565798,516291,872115,994023,395119,290590,54868,49217,529251,225025,518,756606,752215,959062,627410,766656,908044,720552,16289,794698,677233,313851,797414,500418,65415,778910,372430,528837,600730,738503,342764,124843,264192,427049,651785,337873,226237,964251,138965,616476,97307,936892,856951,943171,654894,805387,691328,425529,442658,72948,13592,962290,627789,253318,877497,24778,838335,98558,583630,508684,379768,948243,326819,811702,610442,991347,32295,310419,232699,675949,661036,498999,48787,467488,588198,289858,874632,901730,608893,652969,559855,426776,992143,946374,594423,935232,829468,502415,841189,308844,647737,617180,695884,609381,817211,752252,553900,927255,3480,928953,668206,534071,375523,598278,363568,972546,221758,48167,8896,940736,976096,489500,356918,491307,332504,868332,404322,710145,646109,598757,234978,915352,563549,761328,590201,922895,830705,230742,28196,903846,810051,879352,649534,412484,182396,94358,299645,499011,82611,570709,534437,149072,448028,542743,99095,126344,570826,59476,974846,792428,891731,921179,82120,725443,612710,666926,608900,788502,498689,444222,601241,767292,99710,932654,251424,798229,663406,16580,600434,583124,64476,990037,194751,780748,717409,95377,600297,59190,821117,823889,226719,418884,370619,941244,838708,238086,215727,130930,684888,344400,709378,937922,574775,145441,387046,506806,642239,626414,829224,376176,296722,296958,870029,907188,57816,218255,295373,708343,447644,958152,656954,454223,488767,814284,696378,735948,339855,402682,943656,715995,553238,727569,962981,424038,514963,311621,439485,352286,491692,886195,991461,548513,899190,105559,274005,759378,489480,218356,221271,951907,898737,992119,985724,544060,599672,510295,606576,771621,745146,507134,61202,812099,2252,357787,793846,876949,208676,451311,396094,319976,215640,28911,471168,235869,132651,10343,759770,3417,722925,666352,30419,303551,195541,867551,597460,94594,582403,435992,541995,447666,443962,280915,798312,260293,414640,478564,311454,192942,733887,45377,951782,287026,81091,31347,343878,317274,194379,339369,955781,891499,188183,191638,725058,292192,719921,200844,540747,222931,35339,511417,298475,366799,342068,701806,663628,240333,833135,252849,131640,853023,338265,607748,927126,301297,632958,781460,928589,579205,429606,629777,339295,170292,43116,658118,342727,544183,679790,543962,294729,30409,80398,578175,260902,830148,139961,149558,167771,427475,682476,604720,245802,857034,79031,562710,606876,775229,37772,138482,313392,58831,26420,206900,737120,901895,859740,81944,938307,371685,827525,721632,941256,97253,866424,414439,734768,867170,398225,547464,344668,857454,283111,985030,877600,486407,534264,823429,131800,334539,545645,168410,490987,272860,800402,969102,215280,369553,402224,297689,137728,450860,34954,744611,236778,275248,705971,853999,865204,622545,903193,527224,188422,701179,119419,723463,600844,474348,155541,663583,189165,725207,828628,532333,835283,980477,92198,113950,938416,682561,379674,206140,395289,971442,411712,331834,60291,606724,290902,702198,106354,415100,269431,25110,62962,182400,431181,214302,391012,182230,544036,371500,131899,713469,293161,508365,999997,150474,515192,149527,82250,959670,748142,154238,280310,802239,794098,629216,35758,826113,862436,332754,792488,304962,569821,562114,249526,443413,513287,666723,108891,414525,236017,484423,823361,222739,744968,258268,76588,705872,918007,77981,990208,209152,847469,364350,719654,885628,882311,579292,261009,459068,915566,795264,464754,161827,766900,347080,813890,106321,469234,482129,44486,903765,690467,183364,384866,517579,383698,411354,734150,901898,364121,157605,820559,408204,759182,501429,323268,159614,710077,353885,556625,515023,627967,953269,916861,923208,625649,72264,520642,555078,374332,680515,906690,847490,95595,538966,235661,425061,830484,960670,374329,381660,554624,35073,240242,254550,689360,19000,534556,865431,320748,125328,651465,938342,274467,500646,998275,825898,163080,448567,397972,960590,842024,896558,760544,89828,253988,642529,471318,794823,184496,950442,292528,83637,932162,823066,273573,667083,153260,485775,997209,924486,144919,385834,138276,926345,116608,257298,420661,622836,200615,410007,69473,965885,345513,301179,612113,629415,154910,973386,530595,997486,469775,282787,709113,748632,847280,967438,23208,867604,689522,857781,139259,153458,337527,986702,912614,221324,98801,294523,840681,209021,659288,577024,77620,64370,656200,232768,658550,502599,243415,346087,696701,343972,285136,497801,796112,935570,30949,667778,25676,528372,398421,50871,895618,132923,184395,67907,991766,418564,184201,617411,466558,111422,899158,202123,702789,841100,405743,407346,600126,757332,867567,342321,218656,807123,427695,343543,434962,915660,290616,89088,572152,585556,91129,370135,288422,341326,728557,827897,148772,107006,998112,584316,420706,769167,880127,815624,912992,846371,52858,524722,338231,746641,889766,736148,240878,444805,405042,888196,694928,592530,807475,748582,942213,918338,486186,555506,521925,112053,629903,937681,148239,926574,164808,97161,368951,548356,709165,898053,188062,770551,599732,678863,538153,946500,815200,491743,640667,105126,304971,948943,758485,424287,271993,281922,258013,64705,417328,703334,410807,226058,939560,174612,659728,906123,544035,290600,473191,292692,376302,616883,558243,510966,789098,813243,431417,667220,616577,235029,764829,172681,368046,150269,186031,101131,106868,955591,302728,165115,424755,596256,942769,171153,973084,412822,289901,603892,866628,522788,766254,623744,964042,453756,102364,303181,912865,997264,913772,804970,848845,949418,878980,505204,546192,830306,263897,688668,760815,558901,331212,454045,489902,926027,408035,353419,667210,423724,94658,583719,657014,437401,763537,37792,864852,888426,359956,990096,605265,818004,902434,83757,643150,724921,951609,466460,900105,972675,183878,17337,656804,316236,866047,766790,998957,270655,461575,415017,131821,12823,156582,8134,451212,246186,731706,645144,922528,6622,730344,217926,442575,410117,51439,902169,434810,983797,298829,297827,428213,795680,320164,345777,777513,812954,179879,132273,386277,910756,176956,80181,457507,954003,529738,288036,372059,673857,255650,813483,123504,863298,630332,480956,322502,245182,559689,553642,340375,22560,915575,622472,673524,891064,848700,561783,110647,938198,977503,188447,660933,372978,758067,459921,612492,42679,318004,672287,578909,269768,174166,317782,568822,26524,759827,96572,955863,88908,789078,381354,813256,627825,194297,475378,698897,832054,368009,60405,110474,45753,141686,914944,576299,21796,69794,389200,992911,703834,838347,620575,92305,262004,246785,804679,774911,513299,134526,852941,900042,516568,412858,159809,774988,349313,229743,964151,71625,429168,628841,132691,356327,402724,609466,370323,329115,130033,201952,462204,470322,72205,828687,551915,508391,638955,562347,144428,207122,69875,399534,523406,129445,37474,651867,593730,73088,716722,699599,997556,402092,508917,107960,581050,738699,68459,443236,63055,880455,635621,163269,627339,946462,612753,278228,341761,985164,273200,501741,678035,308871,881557,742277,545991,920009,692006,967395,708194,545362,544807,738818,931256,278510,202246,920458,795687,952553,358068,11526,831055,825986,859353,523779,596945,58791,500603,301838,502039,151657,301447,77083,950504,500943,639263,401874,972194,522028,435495,53181,670360,111061,294713,826328,90668,137500,904191,668205,593107,386451,424521,503922,598731,548539,549040,666832,643167,230328,71829,95371,115085,797040,986584,73076,212099,319692,93267,28781,999556,831312,814010,289708,608759,473871,77504,161277,974650,948350,42294,505488,872185,976568,729933,852475,808504,747580,155450,795004,576963,403509,731535,616142,632007,521642,771985,100463,633344,924214,696536,645043,486754,370072,483280,115860,840904,938789,17800,485541,148357,531003,568037,142952,705434,945761,719194,314465,79894,208751,440277,94727,609673,85262,747282,723782,358817,807631,797384,494718,971497,259753,102581,346042,442799,218303,991027,44285,413906,683335,616656,597628,274726,226498,865220,68450,562734,665154,856735,976332,300316,910487,153977,483472,539514,222962,495540,714185,306153,945170,653362,53196,342634,419606,673020,848742,31898,996955,29328,471368,446417,701015,354164,132848,470959,958391,394273,547710,66522,303877,548807,146414,450684,601502,897915,545315,581481,234044,511335,430592,853713,241835,888682,656507,543323,963976,238586,332134,344375,222688,406800,68743,843863,815654,770171,131413,348825,844239,169133,522721,1720,100807,151356,566852,368640,202188,152535,684155,555443,327260,296210,554061,59315,732820,332326,628697,286410,890442,363898,92800,951253,678933,659173,595338,638060,985202,590154,786742,488843,327879,984930,470118,982859,490936,327434,165721,488005,900256,389572,36091,419782,328658,375196,215865,335633,234922,342193,522163,603080,50004,25696,239519,437619,130681,366673,194968,556026,157915,952839,270418,843443,236263,232120,403955,558181,965700,726492,663769,317624,730258,850270,83798,825074,259447,266344,745413,382976,546501,91732,731847,450682,545265,506181,81183,203180,939229,850866,673029,391784,533515,710451,592636,423268,97612,733024,866550,224151,487509,980698,800253,669055,657384,3808,388355,432814,569247,480381,351491,499039,910897,896212,260300,122976,668373,560004,689948,294083,661575,342939,562447,84254,55176,191660,494657,950355,987673,4599,89446,953897,19201,929827,261554,472645,44274,917506,7755,958176,369028,983023,607907,180006,403516,264639,4759,390436,853109,889901,73185,117577,191998,210775,591364,467859,943442,811322,939471,127628,989683,832750,448697,233332,319077,841321,988988,80807,504255,958076,323733,601201,338161,473325,228706,467025,978503,889038,645081,601284,518035,897330,331428,236897,390495,167832,388593,784488,803519,552033,81118,367865,979514,988691,546440,898061,20835,201703,954380,302219,270410,413475,702866,839685,439096,582076,488561,226756,15492,480740,786117,53270,38758,407650,624690,52820,24235,879060,323580,771823,830633,941233,854881,865035,944599,114011,215388,384487,246909,974404,926113,896765,229881,749702,420299,52379,182500,564744,452384,526834,302895,333077,287322,243295,497802,564640,880156,220290,488654,994796,230026,465391,632663,336933,707176,287029,12928,197628,190379,851917,321756,642845,876747,737320,721353,200157,137910,605476,548750,15621,160422,241372,374167,767764,803884,351764,826023,797469,619397,520053,529359,178588,894218,546415,103614,957128,861774,149919,538285,192866,680097,367879,417116,692317,464415,753701,810305,849768,658366,695424,541754,706332,893605,995051,611498,282053,121372,674922,684060,545049,565637,737913,229045,293997,16515,665665,293183,791858,958661,408292,385507,79325,785378,906828,894095,522164,541705,850013,261555,923472,562311,649044,527991,940885,463279,424686,423330,623735,664003,77422,615662,436877,797563,650471,264834,550178,968317,489164,305712,964595,556996,942909,249146,301634,64580,631729,134283,792787,350829,506740,124467,390248,428884,697948,149654,878702,534501,99554,276052,769241,916684,455456,100045,485731,920652,297896,348612,405040,184791,69680,832146,986365,168079,94692,184108,676882,654852,144786,292683,549514,452472,970661,521130,127924,992992,304011,287714,458456,116846,671684,95617,31438,732321,183349,372622,342074,229239,149133,772022,318732,679238,608163,226052,515289,855209,331128,396690,268065,223873,269464,630258,110451,238106,680272,629979,89997,563616,824435,5246,853094,845971,516874,47096,389703,534274,786978,751837,342821,335568,6900,874722,836671,297085,871942,969988,319584,604141,672077,43118,259178,629685,184882,348460,663439,930923,412761,161690,734933,287171,656284,746518,975940,257862,860232,120573,100058,976369,586955,424722,186627,879638,816124,961849,326473,128502,442660,504159,606073,984061,758911,511933,772711,607027,144020,319656,417999,731126,782717,128944,34959,694813,322023,633993,691071,670841,984272,707251,531304,91197,531570,464866,777680,561730,298897,260638,144053,937151,456520,554795,925202,370031,903699,661776,624512,927616,517121,200486,101719,326733,50675,748184,935660,821229,795907,927416,288175,198349,332270,770713,270955,685336,726193,228754,606863,34591,631649,755859,703817,787866,889469,430180,772383,556645,365619,709926,599470,129751,660096,687556,962743,324218,47321,956228,951873,537586,730184,93649,497509,375649,351467,985755,927957,179280,310803,415055,501383,627803,774284,36962,866763,510000,319245,173073,564156,511093,221438,840990,478109,121332,907863,543152,700427,213391,367313,919089,822033,928046,44295,571541,681218,71805,396229,763420,439264,253752,429199,63824,894009,935381,125235,307917,191948,650080,762615,865181,174882,809922,686209,407703,6445,775910,955554,23353,60990,803520,135939,915282,815560,875468,912649,939312,392540,922329,963436,807420,451707,503572,697853,317759,701163,164117,228904,918819,190395,363656,688309,113972,759851,179307,971199,681598,112863,948796,501591,542255,391103,924040,813397,785542,965217,622659,958103,389577,437861,871197,102568,72509,604027,161045,909073,520014,156581,97484,268837,124686,466903,383434,664491,380164,985973,985920,66978,870088,323147,37976,602273,141146,147956,51556,61030,821674,114201,900902,134133,512907,589830,228879,592549,399239,708955,741012,161753,114081,126690,834142,657097,184213,894495,41481,388182,953263,263023,38660,836405,202724,16463,134357,435619,743545,703807,34735,319781,52546,420278,179789,526357,139729,762753,804156,727103,947960,279996,867482,841069,719460,216334,669601,575345,732957,371851,146599,668826,851590,233233,532684,801499,505152,436935,774508,771727,701693,96145,738472,476460,201577,409393,566846,346158,617992,73677,130760,343913,622196,742907,868867,649904,157818,607329,902601,602133,522763,880675,331200,278780,767552,722955,365111,106368,291518,379275,147929,122753,498630,278880,16277,367726,743521,624495,513569,315828,9648,358073,712127,32312,309916,325790,957246,199741,472614,72878,171552,707737,646416,322654,366582,316788,722324,909862,512132,898953,400111,209981,163640,26223,605226,215512,911114,564306,85871,676899,840033,166695,980396,427772,398032,546317,461365,1311,137059,888491,468282,51505,49747,376845,258995,921186,617589,165183,881106,135099,120604,460656,641595,674169,401807,79724,200345,450873,20092,392599,735629,641051,395324,999835,528752,163585,57656,867807,355232,733425,860848,239736,931336,755586,203739,476391,463305,536731,764600,463260,992211,85514,223724,226641,575475,127931,257166,400313,806556,131647,771642,178789,961411,169678,401356,723530,324327,7807,941876,752550,579653,255649,152862,604356,202615,763289,846706,399583,56370,87820,891982,547250,35927,365365,196285,934019,357672,650086,436779,454037,192352,911458,146083,924921,715742,294380,766249,961222,88854,915672,714878,474579,41798,461307,890873,206804,827012,190265,54251,372402,608869,920115,103361,851043,96706,947026,267154,830841,989081,855905,296020,966895,397279,386214,290760,928177,203249,383266,882522,682125,287080,705642,156584,466497,953379,871834,997898,578217,441933,520331,345966,744942,246905,257633,48459,944510,622914,387004,369684,239638,565067,290080,811256,959254,892573,276833,683222,954961,450709,950959,722574,822081,797002,643090,741507,913070,853241,992447,153643,888517,974976,536003,77921,175707,651191,420564,719692,553843,643267,24800,609449,199201,494922,745922,501904,737113,117089,773262,577602,307508,268746,371446,659232,861672,730650,745412,272460,322508,999858,785930,827679,624630,515128,198171,476772,255518,795883,888068,507913,888739,411039,275360,218761,769495,46570,481530,41737,544557,924034,293414,959129,652030,16375,587856,112270,481648,55116,534088,932610,651137,707040,36714,322393,110127,545735,863376,606495,983600,392116,21195,478937,392924,206573,935364,894584,260763,939689,57658,661934,230338,878303,190432,121391,576438,549808,896491,197842,748828,915232,730013,134044,999109,570383,387028,85136,355130,460752,241621,256090,618190,998444,250024,385260,578165,933441,716888,539817,396092,271014,694575,827152,968687,385934,825889,27593,945193