390639,342828,633686,962128,989535,311808,109631,137148,345618,757585,239305,805147,558793,173527,913565,677610,672136,952590,306091,479355,926176,119214,71359,413823,906885,690535,123323,229975,27709,571884,449313,257916,551708,77763,473696,684717,152723,614494,17243,981814,843844,185913,345869,551654,36733,404743,889864,647133,105907,432692,976950,28148,355100,683622,370459,964504,645556,305478,595350,639162,868470,756608,949572,582578,824408,783770,707277,663498,792363,225555,270071,777050,879683,244098,578475,274268,862247,977614,330697,744619,230309,831406,193588,422555,363783,593655,592280,734511,207485,143191,788516,45258,442141,629464,370552,885484,120757,438637,335161,527114,14349,57942,171921,436045,48889,329377,975737,895733,904846,662210,967162,186309,840829,288878,219949,286517,637419,972723,949599,110154,480421,627197,103273,219204,204742,733698,163277,467663,868386,905379,74967,242832,209713,821328,264658,63937,858911,698827,835076,609685,223771,876891,687087,481826,735183,237924,326010,599036,690110,60702,532140,498419,728209,610359,915963,192,143061,883041,353422,234672,35302,524611,687123,458490,277556,411996,649180,844585,779680,56496,223758,712853,944995,332471,916408,654015,407825,347969,171593,743461,303243,646147,776639,952935,386748,276277,598297,759686,731818,425765,648349,47792,757,747304,862212,104005,133516,306421,715400,908204,314195,646260,886138,340564,252444,809023,207009,804511,451430,414266,361542,264786,957019,213575,445586,974301,722263,225139,938558,341372,39940,289050,566331,604626,977268,882781,333425,204896,553334,514627,278627,282377,398007,403567,658094,878343,163408,209200,594522,46174,919940,104760,470309,276156,73570,188878,99694,234068,508332,227165,646881,846452,537854,293764,478107,655078,663047,630110,783512,199379,20621,781618,18420,703843,73422,285995,770845,749289,284714,736174,991608,739195,109524,250945,367134,732924,265770,347808,248430,747777,627261,480171,591657,159295,881507,358002,806912,41675,248491,178722,582210,966498,285540,62475,795926,660520,861917,154435,231162,74811,76528,674733,502549,696807,783096,826373,480489,91743,47871,65962,942628,103584,458675,467343,218862,861698,68470,289792,676523,219295,666101,467557,442645,156877,982196,390196,360194,987088,608424,629640,17505,329571,576085,953391,562177,389173,89399,551369,885087,279098,743169,871369,565373,664694,397353,83183,415310,726072,55929,864981,824275,927016,921707,326671,643094,171118,251510,394031,228307,708534,462840,247260,611789,961723,520156,859776,404178,924099,148441,164096,171719,968657,548951,658248,709128,291201,93796,662365,25039,530912,312047,549926,120404,161105,194519,560181,242738,862428,65481,444731,729912,654148,241857,710132,711089,646436,161731,254103,372567,675007,891652,142365,186025,877475,685313,892489,254746,199808,81263,871572,451704,305730,747204,55243,950924,929146,678822,650475,861257,852020,318147,48271,615149,580006,244369,642788,244268,771270,462929,397471,503229,476139,519999,804258,183247,441150,669735,392203,847332,180749,465718,799622,803400,198054,573323,856570,769586,965153,159216,556589,43250,787028,359202,475905,122158,426973,176738,510663,630918,294997,403815,638429,520225,671377,968674,795806,711421,246030,390999,662731,989128,839833,776713,785451,82454,95185,589621,331220,641144,120423,301110,409908,233200,457771,605452,94456,662153,187682,428693,40379,331215,818669,353941,169058,950014,552136,743712,258225,280093,717612,86688,988277,613330,815397,589248,930477,212556,801309,204290,154990,549179,457802,888285,525355,620597,555103,405825,233235,338584,820410,440491,946455,889314,478197,913507,698366,716885,246634,904075,762918,757495,281513,194566,298079,860875,867962,443461,737683,212522,764757,709055,55560,385967,49881,359607,648660,28145,252321,244423,519006,281262,83169,989762,355666,139944,610342,109751,388399,293931,230785,921585,991747,585131,851987,145986,946875,557088,325497,901601,761690,659632,745111,538651,376267,708132,719992,998488,417621,979825,200932,211111,188641,480103,211177,183938,999450,7478,9468,790055,330805,334976,730695,744225,658092,233371,576061,700955,188319,186245,624219,290451,653098,984236,822905,693544,579266,43571,643820,867143,96450,284385,680972,448548,502102,115923,886617,212631,534218,790626,720442,878931,874019,812247,781911,975630,832970,466194,593118,822316,802746,640903,96283,529920,781438,238040,6466,37537,978973,821707,928146,227167,41118,77648,592127,997816,218788,183898,138811,189613,81605,300380,64705,114435,77114,397115,523810,456127,809383,513757,293291,304595,694574,467790,801964,430956,60943,169979,533364,673322,591698,730712,746305,666918,421354,757583,792086,462531,345774,642084,197087,259994,504949,544290,577710,395568,559343,233837,136924,648626,922156,150950,172867,462319,322982,702087,451907,791473,229065,423058,322507,835104,672613,872987,344450,148077,223015,31695,709868,935486,946004,477013,731991,987388,796957,788294,748680,729419,417380,963697,784618,357407,435473,514299,368666,979385,963893,523634,802464,900191,207113,524163,708793,615786,997154,634517,814276,429870,65453,981388,909794,667478,473582,257279,410436,14664,478484,505860,728199,763314,421131,625369,411833,992798,160902,811539,373,642838,303078,168371,268151,454195,406139,805173,273650,734826,188743,911981,395491,756417,672217,457944,488050,166237,648488,330208,877214,532210,364329,390809,817202,64501,925551,576054,388487,195738,700346,621810,272333,266648,41466,707934,453171,578893,176930,92315,428641,965556,580032,543487,650321,964326,98068,331172,257855,113794,408263,742858,342769,735712,370388,604020,993292,680552,75049,712217,80124,583749,168250,612761,116231,790268,452324,82143,560137,899707,639228,495930,511590,379038,425978,961505,452939,619909,64107,376919,633496,743825,812862,733549,917545,848033,43681,398296,443126,258107,31884,774722,223846,919758,594250,602710,791630,668026,439664,125741,860478,935368,318339,11368,935721,626000,941403,336835,831570,107219,550227,465924,70805,740477,169285,73249,318254,993271,921434,868439,691279,984517,661009,413416,254761,841955,664050,299506,303553,342628,44271,796276,519621,360063,814125,178832,835079,269226,935159,608458,601719,53526,679375,999801,48001,315451,823807,986955,915970,990963,419543,874926,451898,741308,594289,727792,636601,813203,458809,932442,64955,309894,947347,46698,148955,588074,743392,545408,691593,340161,160511,657427,686954,23834,632382,99256,381322,946280,204607,693020,398340,995796,1378,544679,582490,211091,400880,42335,557246,97796,425194,636366,998602,504254,489305,891180,18301,603466,587829,55099,778196,40231,668781,30421,114672,406224,134272,145110,696883,202048,427653,53531,943782,553416,905013,668184,211386,445251,816807,461738,673886,540529,404836,163479,368406,127367,150026,644365,201160,130311,789268,305591,115623,145869,838646,325089,599410,405406,41552,188327,514974,921808,122056,266176,761893,436231,633648,457965,953324,656059,948415,598381,333266,476608,270343,942388,556925,20975,347175,876526,224469,408168,523031,8289,4696,34685,724474,906138,32375,349128,597540,707705,353636,483815,863757,21418,124243,769226,263029,974577,65269,943715,609440,455197,885278,361034,681463,777993,345536,831531,623379,157491,661089,688904,202435,388235,297828,122016,870027,784921,722898,432705,403033,570424,420653,697428,216252,293711,178872,969677,623767,299338,665742,894034,689024,698848,961820,127237,493744,878493,776538,235423,279026,71882,471024,480708,182214,258708,42915,796737,551762,439611,515481,628822,530942,993647,939231,133644,568451,266790,542039,884020,65337,52662,149735,564589,506596,639807,381325,587755,663753,548881,251496,383462,785772,977994,882373,234442,590533,321955,476290,137922,478336,432021,507428,434673,133792,233213,870500,121184,9217,365717,152225,794598,526824,934902,344855,90190,32619,166376,219665,406614,259091,33373,182966,837102,581198,98640,376216,309861,190878,131325,353389,986937,659572,152271,80803,362281,285924,748180,474414,406121,934412,877558,750977,272875,164289,903100,969644,993635,733102,270334,431658,15672,963133,734319,752964,981340,539278,22077,242831,66944,623141,618982,171201,810352,358385,218995,557453,955869,856068,607411,803240,134977,556450,28076,833217,246496,638490,267674,370868,587834,457345,700253,274337,875409,827131,624487,130159,560364,858054,320131,633308,408490,859015,446522,421339,179241,260790,576798,581834,711569,782488,216317,460894,266627,501731,616412,291839,311077,503790,133944,231838,329204,175230,201341,341080,682082,85210,951124,701303,178877,106077,46593,132174,976085,140326,963169,538682,905659,241766,513873,752747,626023,878741,176170,695019,115852,533501,8560,619440,948644,792914,617766,969523,556270,609669,374640,739505,231201,650484,562835,831877,500029,652417,150511,981589,321803,731110,62517,541709,684514,520297,51486,667876,13969,13596,356475,685005,254425,730044,471824,310828,40115,627840,823072,690018,974888,423628,766518,110697,491993,843280,317295,563725,667126,437194,761071,774697,723530,399603,164467,705578,285518,707270,816611,631967,651343,493510,959236,984986,268409,633305,667294,914654,17494,895322,466538,472746,814304,302409,586373,448895,531753,94449,119765,527512,487676,842419,595666,984767,950922,658108,42599,260805,970008,832501,698933,456283,921414,532387,437014,645306,747059,376514,717548,765348,758062,247500,269705,759959,985585,673194,600948,556037,423638,614963,871278,240622,130114,920374,265242,867843,910634,373335,899567,174725,452021,820459,50380,456717,160538,615744,867453,544306,86110,320842,1134,513089,819192,258160,942196,865583,919260,591896,836222,544127,137105,463258,946479,560331,250932,178739,83281,443998,885079,498564,148735,365964,627100,180499,295687,475396,220285,44000,219976,154724,684826,954051,222822,986985,19755,624852,2592,356470,540067,877743,974787,801140,993482,503026,133732,919302,278760,165552,548627,501542,48152,147222,831573,767254,97823,152825,582474,358175,181385,272741,925824,839386,464260,224784,578707,689038,328204,154056,361098,225090,335559,648205,977575,447970,638996,383542,79576,429652,827040,301131,688667,522464,106894,922993,939257,776756,680083,179670,109872,202078,958934,510932,863597,923416,487409,834394,826243,44008,614531,221858,181647,799164,161745,790861,765629,823753,119480,689505,246229,179131,824753,583174,32926,72912,419600,41391,778374,626855,145390,588727,772144,561241,977619,525667,727480,455904,608806,325304,141363,885766,298401,345167,417006,119171,895313,567399,492432,316243,680316,722642,926485,900794,783628,9344,479799,848195,223766,44311,267398,844295,815625,134386,857602,831032,423767,500804,684175,452859,801131,781805,988735,725811,964734,852564,986945,137067,226094,492828,54929,487577,255790,124529,625332,753186,182793,213763,793329,277869,870350,791870,692817,85333,227222,118261,325174,519891,531255,660118,49165,858361,467125,305020,579402,464273,10557,45597,778297,635972,80081,745729,432830,429673,89476,176699,528972,299782,286022,87938,840867,349769,166500,758811,358232,415191,79209,616820,997205,97058,919481,478518,108209,211064,398591,836093,635453,340299,835024,385004,298835,971446,693537,636053,807444,874503,101627,388881,801797,633053,504306,625262,593353,668394,705067,962764,759575,183774,747813,919939,758681,70941,458154,573561,167107,489147,342841,805361,586340,598999,678470,377699,217434,506804,196323,376552,736135,411757,996285,444583,140577,581468,207240,311100,779464,856735,112968,708456,961364,620479,636833,501848,87858,39839,199321,426605,508613,912214,865136,51946,527483,192178,757400,574891,866473,585895,550120,614437,460571,388917,589424,41569,862042,855047,108891,44597,221210,408287,502924,260037,783588,886773,18372,586722,863946,707590,368475,779811,998328,119853,913076,697761,880516,476190,466538,778728,501173,431229,126107,638954,219086,170849,952609,420374,753833,602247,885000,763958,246104,949460,574558,413141,191796,216269,552273,465504,975135,490725,545752,211284,403159,942601,918414,551838,129633,132910,764292,439236,744544,86768,578501,520742,10195,143756,949762,552109,624028,696715,331176,375547,409962,79793,779413,963537,782428,844993,192560,293688,274307,319181,711429,841968,955681,238824,282021,84530,719859,711387,110303,220257,749509,363621,663762,598331,234851,458679,4966,289691,763286,542198,423105,398022,37359,794742,697378,710309,363043,274414,309746,888161,860915,457,734971,367720,368520,588245,192687,937781,424318,807498,199225,409525,904479,271366,446166,379666,651423,49476,336451,975796,244140,851245,913832,168756,5555,322684,911495,380436,840306,659519,999043,697616,622788,384918,275317,64311,477223,947237,317220,284276,38197,7240,789025,68660,204046,412822,543091,866096,529215,476576,843533,988793,532618,562877,851406,631155,19526,676099,743205,265187,96337,777991,249161,589370,141868,53475,234427,21444,41118,171558,5943,686634,52467,357203,31909,721621,412747,563900,9959,611647,28085,124306,504277,535513,278636,627506,281150,643925,495363,855131,411466,804645,695796,899033,14656,498612,316286,694769,741028,829336,982153,258542,757901,196841,98694,465519,785112,224856,598891,431160,855715,361021,498625,439393,91415,930889,123487,906940,816428,672156,126199,625479,672840,263084,484362,474821,321205,321489,372081,951246,409589,609110,861017,504800,114310,161872,23153,492972,857342,496583,969359,607763,762058,501535,468622,686198,592701,63573,886154,9584,588836,110624,127580,36068,534688,324031,627967,951150,538121,876521,213227,646684,272028,551305,692568,675523,377832,959290,185136,554090,403657,327667,4008,186678,29753,415833,681339,707405,269061,387643,164600,765514,87414,465608,906655,292974,856189,997700,368215,710007,568826,62801,639377,489678,365079,201049,780736,608524,905404,713527,712307,61216,543276,774735,857504,934427,309985,204488,132837,902653,655902,567283,112494,320145,274250,578733,645659,328932,320079,157774,616751,344631,153736,527418,148047,450397,328002,655638,507193,197815,90314,353023,333403,808859,973210,610031,196744,275268,553140,635277,514849,969099,595804,503644,94901,192093,189208,312159,84689,107479,992072,149183,820761,702986,718857,394049,921234,802800,638891,948853,186115,64395,350347,523195,797127,862574,770782,19804,476088,113628,634662,227377,833136,634736,898587,581301,584569,817672,680688,849658,834242,830649,280129,322419,96376,106633,894777,26220,141804,574866,985713,612207,229249,434351,792954,136521,729616,761167,721279,671538,146351,450825,900680,163790,422882,751043,329883,132295,918077,682859,846401,741358,861041,990783,956375,960820,445123,376154,87055,694367,544633,680881,634772,295316,3716,386553,87758,205898,13106,268950,446312,981680,368709,769,226386,452329,117650,149558,807351,551540,767143,191301,847346,660445,580265,859172,147929,193248,216176,294737,646094,77420,274150,112983,155399,732293,719232,271388,478464,220442,883968,694547,857798,190685,419636,48674,160908,570945,686003,938176,933748,684389,683005,383028,80719,507171,229232,547868,23169,997463,348452,60494,223589,878648,66440,391952,95422,407859,741748,217602,381116,417795,850848,907175,843684,686964,73807,569681,594540,240875,772508,46057,370196,713707,802945,63500,239513,640830,550290,338148,93404,874846,78098,380838,445237,992227,796185,375531,523613,518977,212986,270336,94089,143760,388365,659864,503197,316220,389522,716352,271078,392291,485683,976182,251551,356254,5159,914587,64761,475070,555909,460486,693353,479368,363738,260461,788738,97604,94287,165981,360087,998613,603581,517573,76330,349180,491,677794,983814,234643,31230,782359,98606,654228,516349,223034,715821,571295,626897,573412,731975,555278,471174,191325,322081,19745,754678,936722,990991,297597,195669,941404,629579,130786,450011,630069,66140,163613,445019,168120,90916,802113,134979,919702,363788,246779,6523,587889,244634,543973,810275,524191,12531,342474,178206,192077,217061,808694,458741,753608,10534,553860,827134,296647,805296,217267,810349,41741,733915,258660,669179,569170,243963,311084,282436,895168,273927,684063,93533,294811,26783,119081,835228,405407,996157,293887,768947,91729,184338,330696,528631,208302,379826,737300,183856,535603,231498,823409,584818,873692,570603,224252,322677,588248,212531,440112,998934,946198,206314,25596,323484,926226,579854,763060,766291,694349,757806,744940,89766,969553,841620,429915,667472,537399,948921,840352,955358,886259,315243,173473,295533,546187,827172,545785,731648,4261,339940,517972,886481,311791,228181,632408,101456,818561,477905,525737,894359,623454,238014,719979,261771,571391,70085,515491,930384,262691,134156,581603,302422,432931,345130,251891,637615,724855,392178,248235,886619,889942,261527,731375,822914,279158,919152,518657,818748,556706,640380,38752,683078,544036,44735,171089,31753,363287,489762,255151,696793,543418,991349,252504,93430,876531,995245,184732,452260,328928,46701,208883,766301,412392,604097,407357,319067,40568,477166,413662,494045,421420,139361,238965,212552,227997,900003,132547,655779,750484,149649,261008,658440,374404,349374,277328,407625,709448,81148,279003,427047,181981,428370,975515,767370,238993,415979,717420,540420,334109,918284,85783,824970,302923,736532,588443,511323,596521,593240,711960,545421,473456,988677,777007,646466,409486,906157,156335,290898,274975,475217,791535,818536,193490,420573,77579,571050,169592,313324,903284,24390,387455,381079,901306,143279,41972,666526,786851,962946,305787,48397,289284,630955,400390,147893,819942,578250,953102,669000,290680,29637,382973,557176,591526,305882,305067,262711,446282,100390,411424,285889,724571,51244,930206,142456,795571,516911,69889,996307,504338,578824,198270,643098,375105,502749,342380,517699,565508,667187,492821,353650,338374,667191,812484,813141,533488,817240,390493,198680,204578,421770,791232,72023,271529,272747,179636,127173,905813,103794,510055,19400,70958,350495,599705,810635,733954,618121,621564,499221,76523,292389,298367,913282,227500,741120,819249,741257,768834,532443,800222,873431,25639,225705,860165,903915,93649,921471,37464,792465,791682,244086,680489,411317,788346,407165,958825,578704,683891,137547,291637,705055,996768,463784,461635,473569,233642,904512,485842,544808,600930,54015,41752,450635,878529,199260,219316,369626,216324,270448,284099,767531,458722,474650,586169,812029,335346,502430,320044,573717,136237,825994,766696,618940,898110,599033,768551,95912,790061,423408,143551,339595,904231,794953,436156,359790,570211,402903,888819,297840,225278,442730,958681,963471,949212,282106,175552,142996,596564,262217,617618,908125,343461,998382,472193,190273,507874,756617,42697,642972,75637,441991,797855,534111,475034,800331,455065,477343,732883,629731,305157,228800,251402,258501,691927,484515,761102,338320,195169,38998,678058,155657,24331,301566,138059,187820,985616,49418,923702,830915,948510,137300,367029,469345,563476,951681,557892,23347,499222,160870,565990,445738,529540,801001,937145,714637,455874,938011,315854,776619,728880,472077,141508,25112,706046,688893,800837,584834,981872,300747,902506,117426,167192,481835,241274,408210,718844,40996,924105,28110,425163,269223,423622,644364,856092,996533,528228,910620,268302,836414,616102,116201,427754,325055,695035,192875,92306,15678,595814,689660,111487,208517,110886,259169,767967,880836,353870,171664,908593,249918,208729,963201,852572,934995,571421,351426,236761,351064,259072,82254,239589,596940,549612,724338,322479,894118,138713,840593,823461,25600,624030,607606,232867,243063,435016,449643,156789,456023,354004,285612,186329,441080,15116,17714,498083,589002,639572,490974,581276,582663,744823,732224,150193,894777,104571,728633,351194,237038,783162,637617,3280,589478,901513,647283,673451,604246,504540,27579,122453,136063,404552,648072,593176,972577,499102,199654,302974,69216,728659,935602,657539,390814,488037,892916,559105,786387,335053,152792,142575,920993,518018,185294,714935,676555,985221,318149,990117,402740,278424,164017,770258,242939,874304,746344,186434,178943,414144,254769,770846,277569,637010,928987,69940,128765,670564,676583,570039,786084,222170,588839,393867,404793,175885,608094,609748,199509,90705,665922,986890,855962,737545,364709,729739,273437,389544,653103,178532,504711,359620,22508,345342,301870,191700,426646,595780,773361,15141,946105,118264,616055,721993,498336,891072,854283,241996,127498,267237,387114,927305,827334,805376,587410,32393,985694,107697,786485,121864,244100,581065,956174,39779,481369,981307,970641,323952,106930,566650,982005,208074,857389,294999,609131,866022,152422,820074,894516,684853,379162,302351,740733,329513,125311,345164,475587,762639,706998,904155,268755,967717,608224,926553,187870,828178,94696,170086,306564,453791,577488,616819,465863,295558,344815,332,211053,175421,867785,284612,259257,987683,857128,612989,244017,169165,799375,77260,18503,701974,625210,477555,567013,896646,666296,232364,787406,665383,454106,432552,120067,570080,141516,935726,730715,483148,244171,630849,969565,734422,472360,939421,819015,445350,278446,401389,560859,248562,527903,346997,305902,424081,3836,700876,634423,573882,552741,816216,791451,367481,267737,513800,380760,257166,603686,738223,286361,298995,806174,440743,518365,410904,870888,964652,135984,774483,713322,88232,233278,950732,28040,550274,144487,748820,519653,59271,996982,313047,265302,148680,623531,528371,538105,777447,642945,356328,647711,259038,483466,186446,615913,230516,483371,271228,835485,128786,619667,907271,151951,390247,353843,311023,271636,238298,355132,417713,277682,703066,310080,76536,555982,521527,414070,542643,147749,50273,297924,816525,416097,291425,130944,843931,90119,728767,911920,174616,737171,646160,22718,673701,656465,506688,427220,231757,906672,84117,327960,31111,344922,475773,997445,735514,591650,15304,320775,950054,237904,757108,731733,949246,14383,742040,672524,734323,205429,813720,907770,869550,740873,935666,772992,970374,613266,745406,911720,17437,480293,430098,200387,914949,834058,139498,106350,52776,735179,845418,564665,880612,236994,634701,218628,771207,590529,12031,248861,810283,669464,773630,307974,335985,466503,550684,951602,578881,49826,451036,701293,174712,743665,516573,15134,886765,585095,88081,377985,957527,693917,966972,697063,2204,196807,146667,578689,672541,918916,898692,114447,182773,826663,894789,210964,320288,391365,118882,552055,819843,186216,189874,178696,824625,524040,467762,38175,565032,6029,221618,37527,421574,882245,771950,703816,23560,877972,769290,890356,524411,328929,131708,544244,827033,2006,778260,232291,974761,873370,511708,593684,553802,33390,849855,592019,417321,788465,671565,114557,551787,527883,339978,853183,294617,332945,904682,309155,206435,887385,737878,212668,608321,476311,514698,613138,28532,869795,623105,607241,417880,746942,503530,388131,968067,562006,964534,52840,328427,577766,579774,982893,683522,371125,894443,514611,588566,804089,545088,876898,661979,83828,563189,160006,748792,971710,140125,196280,552494,474232,136088,892474,665796,618350,224317,977401,434495,655399,214287,357142,385461,133109,286893,548586,631776,436089,299370,54128,81431,744374,242539,814698,756030,50878,951494,744482,485251,659125,754307,855735,107638,492126,129362,812464,358736,412906,936122,638658,719814,814624,964137,990900,360494,985721,55983,695294,864328,185058,145458,221450,535335,652691,724042,181093,927915,790821,277463,585446,900703,614393,11816,9456,969249,675349,491150,390716,768881,277635,835960,593918,336877,607635,986842,970648,550882,660700,185590,547682,553134,201664,63535,882343,565467,417924,929190,240574,691500,695416,584445,40993,30796,994440,900621,165111,496506,549023,954919,268930,726391,869330,262326,179045,366567,915339,73353,970183,938615,710580,561240,142532,964236,713844,427306,129030,447400,195189,939465,691705,965845,705577,197144,527578,248662,610154,704980,633036,44395,990085,672337,170426,291432,465952,964353,588777,175382,376076,971921,537982,242438,684240,683988,580149,681440,729197,198239,972087,875740,57557,139497,300787,31247,126719,95372,803823,855357,198963,312371,587379,369571,164726,828698,258136,109187,258868,82651,752753,668904,952893,519703,287045,993324,784414,270926,640051,933228,971379,362733,155185,832907,645513,765718,282397,309161,148131,63838,26845,920657,998520,692590,579248,958687,167255,220870,738720,224204,712679,678513,360473,404375,951609,910509,573280,654241,242933,242381,917079,427030,389666,191957,876090,812716,527760,620046,776207,565041,351070,567365,938562,365210,640323,941550,297587,317902,25358,961149,678762,776116,49958,257931,685829,578222,790160,235692,787324,301128,326821,994222,331780,238932,198445,990553,479806,282253,419789,550265,917642,784979,4093,840971,985101,127339,981388,132340,419765,888307,274235,612697,779502,789332,578194,867349,521450,602834,872165,84307,331457,171979,294776,223075,626467,361640,356791,330790,272221,802002,615875,554733,509830,617844,661795,469943,983840,777042,356634,598340,886165,167126,334571,670931,127585,547547,583186,687025,70460,565969,321945,39720,502640,870847,435229,483674,985750,834531,848731,206510,593864,111808,566232,456570,844708,415394,3987,634312,384298,355491,480876,978817,798222,632542,517682,924433,502145,768326,403126,341123,794667,735665,29963,174995,307534,7264,813258,574927,499360,806265,469867,979925,847925,554039,61151,157635,941961,283307,448537,161984,894934,589158,918061,942651,434291,185831,186933,252529,902271,595187,679925,303405,300237,801949,950145,197126,220439,883748,34310,112667,745267,143527,775299,819397,725257,49744,148894,727892,186273,299682,756384,134192,77851,682751,477803,351948,232563,791504,922110,37388,394849,545034,168423,583602,751801,716472,332015,500969,11747,564756,517533,45490,544191,130271,947084,761467,953265,274890,337312,74490,715836,236168,171131,274042,818180,946122,334653,713189,500662,325804,4956,789757,559958,36386,947379,824395,689806,273616,165742,396852,785271,313331,411342,449427,106699,715044,465620,414106,655729,159617,682280,337761,226201,928716,366490,37303,419356,973736,87465,746845,929788,529516,263358,786643,776,945822,801829,717369,17222,682332,260016,482391,46739,249258,137701,452759,930894,914892,412048,623845,771425,439164,571602,381225,734439,421466,6351,439449,602356,57787,184845,297887,672470,431497,478627,887270,605512,643970,347686,77017,641935,892461,108085,682281,63931,980825,629301,116682,267324,40399,521015,46053,670027,237144,75117,351023,738982,998415,549663,63100,76686,959121,453899,147097,445465,925567,511161,381723,502469,389404,968176,186699,7278,765763,257059,213904,613198,102761,232806,500181,469132,922367,729639,660296,604102,720536,473425,518851,745635,196190,432473,106226,370203,192722,926047,720811,835481,235835,184175,445798,365955,137690,423606,948014,119617,322591,374086,614469,344862,881817,114625,289474,574733,743995,322608,405349,711106,99330,876852,530365,893781,800977,346925,308728,895994,550801,606568,879186,994684,55558,475747,948998,171718,669218,146102,726049,854267,993106,343013,221171,460198,166947,445836,246903,486970,67390,146171,748953,374858,913359,680891,288270,634439,713533,476686,8184,370017,272595,885440,813600,345217,87727,1234,278751,504593,501755,599332,943374,725253,174578,938098,639768,214280,829558,4264,511921,141529,354912,663632,676307,308407,253401,838854,14822,198793,970072,330654,642245,450760,413704,244282,83300,144366,998804,705073,957020,732292,373759,224602,627277,41537,899847,370258,814202,991009,769423,444779,636723,243681,536303,419443,959098,823212,464365,92624,33902,904122,391466,314583,945873,69770,46680,678079,265277,550004,738,37705,910919,612404,45674,376219,67910,388509,980507,991032,433557,189046,675300,311504,247903,856774,506806,834354,769562,350853,713172,102449,475081,252510,401157,24341,425332,911631,732529,434673,764780,282162,250007,657075,752079,737128,724769,868941,338450,819764,229462,26849,923904,907,282824,18826,332045,834253,511090,741892,805598,526514,823135,655622,486628,124512,844906,56757,246330,694552,176544,925291,80836,165353,875103,4339,419614,326992,504525,798149,946638,401479,745105,98503,17391,683685,511671,972331,702768,526596,789018,218109,498806,826097,431061,73480,337432,44612,222216,539125,929307,923989,130741,551880,153892,999251,798867,244873,402449,604563,517488,129289,466895,664863,736604,559885,449289,73448,441810,406084,434395,343799,553115,764320,561537,661496,956495,324331,108055,684748,79963,456788,517317,895011,160561,234310,250333,298815,9968,229046,318351,10585,518276,887591,960783,556928,477034,944268,320709,592539,59735,896583,937895,843140,357698,533620,512485,680504,806690,605490,59275,173101,25018,539265,940327,850492,37186,653076,714675,873355,972084,430137,417278,913015,663889,19813,878519,416603,325881,477651,877422,180540,400978,555870,137773,207625,88721,489618,258004,355695,514613,852384,315553,293986,13714,735427,579016,668136,175978,65264,928298,564273,848163,591823,926,679533,704476,633913,507022,33460,811247,237590,832359,513999,41601,149568,461970,742940,421859,337439,268688,507475,733677,669462,146901,568311,304170,222122,698973,164164,437844,713140,216527,451531,418653,288205,251903,973400,311839,394733,498823,664904,270563,862633,124716,549774,473100,574545,949580,319229,133325,762668,263647,665256,26569,985129,363812,875944,279214,802943,641254,505834,330076,727360,305584,604533,166287,495628,528828,671438,414605,739806,337052,212126,759389,356401,491402,674952,18808,524951,863785,261919,463684,176884,562989,991842,192537,758129,173082,605980,955296,986129,149789,913893,78875,793953,269024,344016,667643,529444,375598,980850,78191,659616,296615,202423,173210,136805,679715,741895,490676,956400,142828,377942,385263,71371,334469,863247,7626,439626,818983,72965,797560,14490,93520,397296,440062,116081,346353,259463,752604,485144,317806,526286,688268,132080,83078,796139,516738,572170,73997,956093,188831,60611,184653,250453,286287,464017,595572,186238,198619,289970,409321,29773,205936,934523,988387,335062,417363,524597,723879,738866,464295,285731,764014,878100,466287,277317,291904,787332,885675,3150,885108,846332,517481,562976,848384,488957,435115,867406,282481,242685,645539,321047,764450,66050,854415,880219,855238,145496,383420,48102,272819,555221,322128,846281,711844,877766,648674,158684,235705,719137,626458,588541,651153,394592,457632,104898,816748,480360,149937,358296,314811,40435,260175,638301,333362,614324,257499,411151,171282,412383,186387,54174,59497,89957,441728,898384,671728,95737,542361,846611,90948,831728,457358,321888,404714,100788,601933,395583,35258,3309,839087,744953,873389,741026,234323,351203,20910,255543,899317,892271,510447,731682,123326,954565,766266,595746,599327,490077,443493,356600,613321,5861,751881,579582,894811,620703,422391,580109,480069,654449,173323,596826,211553,77158,328984,52226,191091,400287,184357,665471,171420,921155,249116,211038,969293,798445,449155,44914,310833,217576,534489,581696,15516,648546,476723,808170,754159,287338,920696,108582,156698,884659,339372,923480,454275,815693,311586,810258,276182,24382,441490,30171,434095,942127,329834,386616,176577,561976,680373,602687,256077,785601,738849,89610,637925,585767,525345,660666,700191,967249,384058,945613,434595,338898,893982,862614,335825,837005,685126,629556,135844,67546,941019,5688,823130,244086,533465,248239,941518,812721,212096,658766,340272,639465,182072,435029,973958,316007,879525,457615,627586,821940,974048,752102,306023,316616,497809,125228,358589,24913,649187,964292,332849,826862,200338,544175,32791,197660,666980,770067,786730,637842,872289,451442,416471,249556,745778,585395,750578,829869,823970,926835,235955,45047,782199,104932,823382,603628,774531,661280,666655,411090,862583,668845,61533,983445,518200,183013,154447,727359,312013,657135,424420,975034,513767,383275,31864,506127,347987,612418,95105,788533,152607,10382,621544,659479,668400,203176,465607,374038,957924,957378,2637,856521,751671,105685,73044,295936,309707,526024,94489,253601,848497,818850,513916,410836,829954,289537,127287,711541,709760,769438,183787,640942,495211,109891,215699,870020,112662,771643,374643,97189,239015,722208,249560,906425,98819,831261,616800,859579,838486,755798,578325,395771,850844,369307,168632,521492,152624,173646,641356,923419,277500,353707,561671,531680,709152,359594,3236,408308,951365,529728,683829,85139,986679,196309,159443,954164,480317,152693,975027,864204,421334,453695,266777,690705,521445,196612,868846,212989,762882,949998,589258,457555,683690,717380,712612,238192,680004,843929,911919,636190,793534,477427,494546,724381,861416,620134,123391,729052,258253,857756,923867,378646,923620,37221,872496,738386,652650,352404,736141,937209,931420,248632,758165,743319,215987,582681,163086,705010,514990,322938,201822,275705,503872,883946,137399,707731,264705,869188,866797,613226,718186,59690,140012,147988,457836,19455,26268,840842,604920,682507,145802,616226,731719,272256,622728,778406,704594,730906,84467,680650,610569,717909,514891,405697,842487,355216,540179,29285,714174,506582,594163,247267,336555,774385,52615,722876,270248,182894,613946,566931,114150,347132,58513,370588,585922,578271,837424,2438,578628,902298,166974,515169,597886,954709,371273,588897,904880,600619,794240,272807,528990,925327,594806,447926,225354,595455,893400,766078,426897,898156,829550,548915,29944,794640,317780,300266,786659,985398,784150,895317,830368,880293,544365,356148,416561,629252,818444,377606,372875,674216,993518,819588,778666,634573,99571,968254,410526,258279,752539,546101,735870,94476,451519,214795,908700,118057,847699,838441,372216,697809,730349,581053,432573,235921,98870,468889,282603,401870,599532,298221,592901,588201,913216,871460,382361,925318,102590,841996,429437,851007,732094,601611,875163,454428,9212,586008,401463,332628,119686,949887,763641,671791,752351,381274,115113,472914,641601,657519,359559,367397,691185,91572,440670,609229,322399,367830,928731,891272,944435,707980,680634,269602,22621,968991,347139,21961,208255,940127,295364,53111,593728,316447,608224,478634,45529,737124,609335,552157,263366,229701,627350,124330,11028,595216,14082,961957,788903,436241,162412,694690,261523,192304,272899,184040,553409,452247,695739,343675,73443,188633,775853,167050,783561,503893,867156,138482,277109,715673,635583,240190,803512,516448,558876,313050,515363,820721,862196,169376,475071,421359,527559,201764,308978,203880,546929,420878,797517,437769,956313,915028,584439,159792,814109,614429,889285,513687,469782,238097,530172,250053,19246,649133,699019,616660,708597,259358,593082,52128,737744,699972,47360,735823,943691,476880,659703,793866,776734,408433,270898,575043,53657,532439,320641,368086,866884,585756,191060,371776,518415,630738,99733,586002,339559,593559,582952,996846,981171,787074,827469,756031,689249,768480,173410,990356,293972,250367,737008,780109,500700,12739,966009,739310,20059,932107,230951,892285,191278,917841,838889,51304,414449,849052,212790,837659,984370,993706,252716,888564,42123,44678,814436,995830,360592,878350,790645,971568,424207,601042,115736,33701,603587,284808,780450,64690,462246,967665,785639,640163,496481,870447,416131,646381,879732,732273,354897,566728,38454,457343,687956,403372,359020,148445,553136,185356,767629,625202,624288,69637,594761,969132,745139,283152,182505,715324,300874,124634,122790,164902,233673,503785,938029,162075,525319,184807,186819,196502,732246,238856,888918,836045,668404,646543,773875,398223,752467,429152,969204,935470,972144,257877,692690,88921,858584,869306,472846,326627,416446,943157,567590,182026,253233,802566,70254,735222,427369,410612,699291,93452,473956,590264,525421,612235,987988,378573,752753,482289,452190,797015,131303,552412,121921,29860,654987,859403,944386,622939,71989,816223,12687,924217,255409,351146,393818,799022,616628,399862,416311,319309,746147,673704,961254,532579,961692,669695,49050,393370,934455,629309,970461,391967,230528,918853,338952,712969,528983,778261,909997,440498,889311,760460,463022,453408,688006,280451,691856,804577,672404,586150,198853,352308,51020,145243,710840,314970,675852,923669,145179,981575,82585,917129,304618,114837,456542,506951,494841,333755,582553,986168,18258,394036,264869,904367,471218,179060,468603,355592,454939,305107,934089,306271,959268,997561,775389,361510,594181,335351,331068,428732,855379,382622,564402,625498,159250,441644,909956,925393,81403,149203,606153,961292,905645,726167,803689,667158,623450,871575,766774,314686,294009,528666,768528,830233,51695,319460,10460,526991,517033,567601,911948,629350,545804,918476,479561,601315,408611,852789,829339,547655,253300,767833,489216,992143,384221,837391,849304,399036,29002,868403,775290,439701,698104,665435,760495,787737,667649,629704,340076,933103,708193,666107,50985,353955,617291,750983,511456,306097,124035,812951,318615,411045,613890,191448,145496,31045,207144,681208,161397,666541,603411,879521,73554,837342,955185,858050,860789,816937,427531,252236,639101,722533,311735,664740,345573,578140,25007,378234,588167,510569,91412,158727,563616,877310,60453,591544,436554,724170,519725,52728,385876,670628,56498,452070,222796,913290,419440,849866,220691,78076,529977,211381,241443,309128,17426,411921,198085,120258,471880,416745,746862,549805,753372,643836,238100,501483,44783,351308,25213,599636,914710,287166,107504,614835,646744,625442,312310,417536,651052,683278,215849,866007,678535,496559,387966,676770,677349,167633,508848,259911,676983,165134,287679,54890,588989,84438,276858,341773,552174,56716,671115,504474,785633,751942,12528,219701,901861,788338,991800,47752,850538,695806,136161,382564,369620,732697,627941,679873,417292,460942,209707,447574,984105,497810,237811,995348,496757,692538,860469,390431,344884,58654,494052,102458,799736,356849,24622,65093,480295,925484,227039,698569,673938,255171,799687,100497,266399,865665,386621,14416,502388,720601,470445,253670,145918,88297,952924,602444,775076,184404,916996,300242,645491,588544,204667,655836,303726,799240,900895,387593,569844,983881,377152,574546,668635,639318,604173,607368,993440,937018,918150,221192,517304,624956,98456,330227,733991,24635,996296,243822,836665,580693,538191,425813,593730,826981,137102,571308,524436,276335,863120,718003,577570,847926,734927,929447,164625,494231,840796,454235,222484,120686,172417,371152,236920,383023,863957,710323,634970,619026,358724,831653,794991,773882,134225,121858,47279,545175,515066,573110,591153,975594,409533,301121,807528,959101,426072,756468,881051,266622,3309,881875,278237,69114,143428,456280,227493,284295,174236,377602,913956,90949,629622,519280,697167,180782,667326,630843,90439,760536,848210,343020,910339,702505,232417,122792,191620,753790,938692,797224,943088,739054,45191,938627,617319,991615,429574,571677,61402,455667,529913,16453,258556,778234,16604,884488,179452,302479,856336,316261,140143,509190,925917,640121,289325,34812,574768,97042,69656,742121,905127,137519,3833,842176,304618,769660,650705,690730,504671,488812,500805,541751,950187,242241,268867,472654,25662,198844,444491,326094,140292,971915,7165,886189,655726,951296,747857,625223,774459,241362,68800,984551,994059,76550,391526,374296,540050,697057,415007,18798,155962,105771,503429,709129,257951,588010,822850,607639,215090,781997,453374,593354,123344,425444,346101,767062,182313,61443,669932,980005,903615,521452,426647,735129,966827,458938,792768,850680,51723,899982,446150,385082,404421,728996,392485,713770,111438,588275,540744,22225,152958,787040,464144,841701,344387,248384,525893,5615,49490,866403,994789,752137,994261,865219,142221,129836,12143,24532,388757,691847,500145,38664,703356,242728,218699,966070,514090,970107,704444,472390,688495,100536,550254,146497,71166,352756,398347,241055,757254,240157,741469,606445,199173,459970,572154,795769,406043,529341,474315,224880,243470,9963,529407,853195,628278,102818,834562,222713,210634,448467,98568,211857,874723,790140,201653,258661,983123,805814,429594,457125,995139,912774,293819,714907,532976,375613,629756,332054,689348,209827,27453,679968,576702,214619,599692,800099,79640,534198,101274,550969,908717,459635,719098,257180,552311,992632,221411,430074,173445,94659,857572,136610,578456,819768,562784,15123,383154,282047,376089,19352,681800,441635,851917,238296,637126,777243,452734,279939,210661,65452,306707,998098,854599,381197,341443,355692,674424,917697,166120,319967,470207,272124,512239,691197,283884,860929,834575,687907,370351,375376,930629,607361,884607,964808,467513,756440,961054,370568,477447,193375,720949,285655,658721,287397,45698,424801,792487,496768,503043,137716,984993,787792,579407,188842,259234,856134,171060,198984,248075,89859,188198,754303,8600,323608,982686,597110,164278,287765,23379,932300,630844,265605,958053,659745,847715,238480,842629,775048,511256,653824,308821,338070,634235,219156,109599,630912,716481,878111,521985,287999,213429,858133,268126,287291,909564,854270,605129,111148,142991,552460,497498,323580,664593,533176,244281,510140,379364,268944,405562,218746,943416,301974,926364,881269,457700,174228,938334,556574,139837,294419,705740,99881,492587,717055,609640,453680,229416,933834,644643,541170,558134,289742,994703,108901,990759,959184,326160,201053,681676,692033,483386,446353,664457,366315,836640,884247,257556,31157,518190,21241,542479,834805,422730,349998,36002,437906,234997,529105,685729,338843,300726,821400,502832,487838,63952,515421,510969,551524,427565,66864,80750,531258,593318,636600,697704,514671,65583,960520,731004,642670,441241,643408,469275,614738,500506,503033,150325,651499,877827,25976,116505,455568,984150,597388,670943,156078,967681,277574,637677,466246,135293,181658,973421,597280,426607,920534,522218,560163,988993,697623,474903,105032,723698,882201,726889,115305,966888,87755,614165,161479,957818,294686,983440,969778,979196,549816,390311,443122,839508,22781,974205,439289,577872,725344,779679,898687,724799,549154,680990,687867,894707,133587,840598,139513,366826,607267,661550,276374,499005,158911,395191,758225,129417,3713,519028,272574,970437,517733,947788,414894,437587,725348,114492,226958,642426,738531,848085,579046,149413,844393,965746,29062,997438,93977,120546,26962,772334,630072,970231,491332,787313,616875,547505,187837,961582,948995,130307,175534,880712,501255,455050,222448,230477,879305,837427,82200,724861,34727,255362,776686,532580,478910,832002,702638,182962,504691,49555,312185,647761,412469,450423,32741,917173,742189,805351,630621,253012,696978,868371,927794,894949,456586,947329,543322,578764,265691,207704,420888,924871,34855,27195,837988,312958,986429,70638,807143,296186,377892,945629,908139,450490,53150,759719,879111,674078,536205,272000,85463,476517,809859,892679,541099,823878,378608,34917,109093,341584,712526,577759,814108,680139,562287,489122,647884,50144,609969,372256,710441,318022,602096,561920,720928,927332,335650,594659,355688,486739,225234,198515,901833,856836,767405,122109,23021,411294,728825,112911,98649,240408,41904,207075,228497,976047,23133,729770,611402,46234,363433,790743,581257,184519,964765,529343,455996,207568,728708,930258,919491,601078,716828,943248,90815,279239,632716,577987,166144,232040,87002,266829,344903,374834,45624,206862,129675,102848,387803,540171,242597,394711,863770,39837,792229,655376,204468,328237,662626,96647,78644,532520,755032,810290,859462,953466,922961,374310,533381,449203,97283,97966,280600,283767,872043,930818,742002,328768,577925,204611,505898,340645,22454,757022,594633,141767,905943,34615,282806,93707,160577,252449,903338,46199,89693,503671,318325,520078,483774,702686,196695,574714,504210,240644,194661,723441,894565,206439,922869,45376,698224,617100,331873,279625,342446,600804,961432,489698,970496,425081,736145,726467,588725,296398,36140,411980,138672,888165,703773,173572,949210,75086,367144,986341,929440,169102,751023,755899,517244,964679,863142,98847,730831,138700,99205,284350,340141,240210,931384,529151,377957,979323,239256,36886,810764,289836,611274,584019,476233,337282,476353,1223,221450,932263,488918,612329,720974,231743,774558,648456,205191,457001,73493,284366,540368,9612,490771,405228,24253,401772,815145,982201,586842,607315,58148,498923,563181,7839,679803,607974,24285,194919,578274,290912,238717,315746,996053,361435,359184,850104,926007,189304,648815,737771,148055,441900,831967,457696,3666,749628,309153,509602,160506,278194,139246,581060,558203,130129,79263,973544,131082,936704,742144,355066,944070,2658,359366,82546,155128,886061,905571,816628,609500,563146,303958,307717,716715,115649,940203,834776,771849,463524,18890,553064,835354,912117,476283,864148,998909,419517,744674,597816,701897,935000,166735,992450,97248,770657,35566,910814,695753,87562,410648,303871,610210,176957,105870,453255,34435,933320,171616,517565,560621,67598,460744,755804,31059,836703,458321,338573,850272,250850,682985,212480,519436,121644,728040,441008,521624,61529,906092,540751,973115,3153,972898,793528,248328,462390,420591,261044,648513,320858,362420,657344,365686,158457,621332,349522,291348,401951,183315,308025,412137,220106,111377,493951,415934,439174,93516,347890,838426,244252,24355,263451,444844,593373,67099,941332,565647,685273,411,729980,511132,599449,690375,124312,458362,300425,339400,898680,266681,543507,265412,455499,92762,380553,622430,33572,714640,792989,77833,93334,215452,187869,577753,347251,565344,520382,994339,306825,284941,727288,412139,454653,857514,161071,983280,514064,698360,899681,971384,339347,763930,588342,757123,639491,164211,481779,418518,175407,180797,106329,901880,454278,714915,56948,673906,563993,842667,769718,991833,127591,325162,27697,623370,537812,865811,597584,622847,379838,505874,665708,708573,259133,245329,522670,195307,59260,24205,589222,542142,375324,508689,791519,66541,117527,273770,740066,340253,752359,184305,859791,583574,618875,527849,675085,996237,437805,258157,870372,407285,416253,355612,640407,176338,751306,811613,270728,77030,112689,88462,50887,737738,771675,765720,516693,629389,636074,557747,526358,879671,735285,911048,773706,589749,566985,202466,957763,609986,383196,536150,870525,705875,535315,252498,302391,331345,803336,678718,585363,879131,911160,670894,482342,726413,684063,831024,316041,60486,482387,193306,978459,299517,956908,923164,393684,827723,319376,646293,233526,657751,668541,271992,656090,187024,807073,664838,830516,115525,659361,533899,637422,609652,948641,634552,953368,560356,254362,721945,403462,911504,550910,906614,229669,250423,260636,357968,287860,869535,620164,787640,5084,937912,293148,43079,244830,325188,90750,16548,545107,97810,512369,563225,844479,933407,5062,870913,930760,154041,643189,859153,347409,305416,569128,266308,780715,791018,951667,113283,832865,359093,495557,104392,444461,719117,362144,498714,583051,970942,409812,725282,395339,237861,379908,632489,731238,749224,900330,881469,852694,531032,384716,344597,790687,52861,76989,147147,973388,342090,842478,365171,527440,371074,169133,603283,659948,870005,833187,884589,627363,548822,93615,114422,428451,380391,881521,912213,297781,850231,212274,141436,49824,3242,532593,275934,568520,436700,406405,225968,666092,192278,970816,239169,227660,390873,717691,746932,658080,984907,119293,466598,983782,23746,300471,288618,714268,987965,190223,379721,714490,633047,176965,257910,893609,591483,917067,315493,249732,44952,132443,214612,760550,502502,498401,591784,330645,923131,308652,228003,993958,732677,726488,302748,959864,843885,671548,180822,71589,860864,377064,925277,347432,529662,841456,338389,860709,670416,813982,645776,851450,416810,640527,592282,492110,417578,666339,123558,373386,835466,918060,727031,323484,15275,898873,892235,354316,730129,70571,999685,638867,520131,518001,901348,827243,356102,985261,328367,304076,138528,144552,829278,663934,449624,825021,122734,859856,465318,762392,650690,172292,772967,384258,885810,707897,411685,327148,366736,152507,209609,786426,753029,374265,634583,130093,846902,791041,238714,33214,839832,556461,282027,851250,154233,495291,725158,643116,330867,117647,432885,590776,72258,171465,592332,756729,766334,861111,849081,997031,12575,554813,445997,826742,693328,835435,581587,996183,846936,759159,889069,63244,294510,184185,245135,716190,751830,787476,182158,537195,150482,588593,118042,344411,348401,41037,611180,845057,717212,924751,98839,577555,296225,46989,604860,606357,386782,984267,958530,412297,436332,127346,733249,639168,471242,52424,964290,490019,729679,112203,592448,497048,666775,622646,311002,584933,765461,108095,693981,732241,348410,298678,189981,309944,588224,237526,629277,967833,864884,76735,33833,332701,770473,971584,948618,435016,317557,459906,228057,94971,112819,555759,272276,830554,119647,421488,628461,914051,773045,290071,921385,671618,891928,636001,37786,968253,383375,597200,253442,670049,672939,924634,942244,785407,804579,813283,355411,983286,125360,193760,402976,765816,564385,385701,832480,226549,818562,195422,422043,877348,317138,508796,839417,358565,861556,608203,889918,267506,83943,288716,329439,730851,725379,725613,907186,117932,564810,304033,523345,394241,917991,136363,491631,725003,910063,396458,56408,905946,56156,383489,436914,257982,215814,431573,578009,898983,325718,852980,792236,959706,931580,7679,10932,719788,761689,443526,383825,284960,354479,830983,511626,108732,228209,307796,787849,773983,932034,109854,20068,770531,557180,865222,543166,186066,97885,548813,49397,506732,1668,701093,135082,121894,929763,736054,800257,806556,53788,113738,819896,600683,840598,410464,888632,529605,594600,421489,867632,27886,423777,340301,301669,980119,409251,520369,971873,628766,926905,607505,495377,372816,430271,341537,450633,716147,308753,850305,122137,65341,83051,942981,830431,763114,912435,939280,906395,106158,16359,522452,712584,96582,546777,574131,163218,392574,233082,14866,472884,334804,155831,904957,736346,683684,645001,360209,140160,657992,778983,847650,993628,900154,766719,571343,845415,213868,193997,543632,474404,765146,191499,761296,987560,92680,976106,347180,578113,256933,418801,378936,178973,342466,557121,571616,539169,402055,442505,362257,471794,370971,431138,162894,475559,348443,950229,77476,523894,157371,325136,880400,709546,709005,825630,735771,130368,275105,131089,939994,637587,308417,900459,200330,306578,507748,294317,149428,540815,887673,184410,689149,930788,770404,650094,372789,704433,267476,19099,194840,268635,589450,179471,319397,750436,103584,926208,523415,280732,83791,528294,991551,89020,783332,390946,779346,752643,890677,444778,754688,593976,828658,575223,486992,32461,72837,485684,796543,211422,385568,39524,204469,359469,743450,245629,345941,43573,888396,285785,611253,208749,500584,806074,657892,568732,948046,314883,766863,115415,633984,961258,972815,477042,264578,793803,59712,680615,713972,875262,271243,625383,885706,689726,251231,857263,77577,335929,464043,343755,992009,915523,628185,468560,376442,470967,742393,760309,861790,562993,704431,856939,921837,507776,728288,541857,208347,230682,976600,992133,673884,677495,812301,177061,742829,417902,775711,826968,622343,622552,795074,408624,468081,995118,124772,744778,44353,687928,640402,556952,536816,563043,618765,803884,380976,902974,917525,171326,600436,543157,541422,334407,663974,162607,904052,755106,48788,137249,395330,691848,671992,299884,856884,345717,229082,135575,692991,637925,308966,932858,820608,714775,742682,434219,315031,721248,958172,798431,790164,222628,949470,142354,25178,201196,55522,264638,609944,164934,804461,262376,872142,24193,102246,20830,461887,671241,779926,556290,826624,551120,887005,788220,438063,533452,718533,522535,176758,848126,996114,564461,223592,837084,897713,207875,872391,110212,482640,734403,595624,84718,862658,257240,22256,551286,606928,595307,554644,385533,466349,606601,382983,321935,84841,341546,483330,154547,66835,178500,721897,185810,651947,33057,471391,571636,626959,251558,891632,235079,983872,724544,363705,109884,484625,109698,102031,944178,274291,546774,134030,17436,29320,623453,466241,460788,890537,134618,990105,287898,290340,9371,885481,113026,38585,843675,264210,803068,238639,573338,18019,932067,708325,649456,984725,841067,981165,976206,274950,793034,845171,189164,922276,897388,158454,543034,433418,824352,465813,834087,777009,48003,3945,870604,147157,260878,780283,250868,353394,151292,132340,980947,170650,759135,143710,902204,405601,323661,298582,29322,470960,908426,154483,511315,635412,282433,851353,717125,197648,417810,763449,847364,765406,662344,483727,872238,11131,71848,254792,57658,991157,822853,543438,604803,500373,176044,1602,658090,519416,886559,978806,868504,609390,602840,874764,390811,742218,750838,36521,813633,498792,259714,529401,606678,258588,863347,90510,946620,867021,782921,57480,449706,871398,723928,90562,269837,788955,335576,83591,911853,233165,88483,787265,991204,603247,95879,528220,822862,853051,387378,352304,575617,47226,418867,937753,589374,750200,371247,279605,818462,627484,727084,653996,780645,156082,649096,773140,90703,973692,175821,352062,400533,786161,390860,461681,752946,423703,29971,664227,113541,355066,672418,686959,15231,468635,509193,190592,229068,936755,499614,564488,161431,235530,766810,391422,671056,618350,346303,295708,762890,940484,429370,739279,35479,364257,847148,266028,399373,42741,729161,807185,321741,10379,826650,834695,101635,926481,782655,691460,700062,220785,544348,646966,142627,47133,321065,642781,611138,357712,781316,632452,120227,127139,454188,209944,324221,932352,250865,695795,881300,850920,645224,594688,356256,929711,93598,314131,113269,138377,130609,99601,597928,478096,650884,935141,806153,454727,803588,134661,108682,390983,155665,556930,451262,563140,855023,370776,810086,756224,192407,312943,211674,123962,237492,189137,793448,972086,133429,793089,714610,194144,83106,82144,982573,312423,918643,365572,806784,536351,377714,650190,259098,429473,990400,174477,760934,769284,687944,425976,303210,899276,589381,911650,884037,17256,813709,496122,952753,915299,383572,281173,771853,579264,108089,127465,391244,638731,669192,268173,443460,650200,218031,527103,785925,881668,586760,31159,321555,688644,173057,472067,942287,949183,196511,772361,494998,251236,966255,989730,948169,91422,704446,1517,358900,234092,706063,481977,156530,856922,930743,511699,280324,611453,21033,196262,985274,168028,822610,417632,994631,609694,520110,685812,960037,821322,198415,86222,173089,771764,681353,902904,518476,367332,267172,872228,694870,905477,443300,891049,88228,560907,230306,526950,652180,774392,921570,318241,418332,37630,32843,74626,38825,2056,38541,434115,330010,625286,998191,790529,558055,711568,405886,462962,625301,249760,933840,18623,662934,42587,590192,22030,886671,970309,386098,955370,243255,763858,173034,264693,321654,295694,199143,873830,850323,372733,364884,876612,760167,685224,84776,671026,13352,965708,376905,684575,36224,988662,91070,203751,598386,366,165279,791303,56838,341790,796609,186917,213830,765366,528356,206210,769683,27610,143919,468483,73247,595696,770765,709980,172623,268646,911233,316646,923477,132589,706159,117658,803386,635003,666327,14993,632574,485826,323731,682229,919517,817839,257060,334857,351970,569067,529128,430771,525713,51891,153118,865326,609849,177025,914897,441393,450641,457757,371792,243438,71668,867811,886249,814197,842012,673438,130917,438169,621139,287983,457562,823958,20524,39824,344317,711924,612003,932493,264945,680651,840796,742185,653822,342947,867049,729724,234731,957410,691146,401782,918972,288014,364533,787550,204023,762022,696218,791891,194931,287823,336692,957370,843986,318147,404285,205103,399738,76502,414399,959545,23807,645267,397852,696756,602329,775427,965054,486759,520725,975770,662159,688162,225956,753069,285134,312566,319543,988835,902235,200254,511916,329261,723191,673077,77408,78904,552281,656724,317363,132850,88756,716580,803115,451767,90115,17677,753339,246041,262809,4051,582500,905459,955557,952768,688892,659971,365649,641980,889024,678374,215262,506902,611898,17012,721241,227265,930572,149843,495202,694160,406115,48553,127138,661993,909867,453663,372581,160263,316973,122145,865108,860371,218176,928887,474236,925793,448012,699222,870258,49301,73594,186697,224634,729501,218673,114552,147485,361948,318260,446051,120402,662057,168367,7996,87743,700363,207243,343186,385541,689174,396420,416413,70792,352365,929061,957957,120160,383151,53536,605438,451187,644346,905936,743408,741224,848304,285419,44562,115271,988743,495190,817424,163956,980673,502081,661632,577478,542292,542788,300080,116781,208440,260767,729081,467987,906264,891168,427688,333662,835624,166049,87411,806506,447637,752441,809079,316409,884912,946461,191070,16088,371300,39852,161793,223195,943924,927877,283798,462521,378322,352370,234397,416301,968592,211949,73957,499154,634894,250460,754275,602047,63385,462449,832397,562367,437835,411864,934342,927110,794514,898385,433883,56927,897365,937823,147049,686428,342164,2461,452603,81963,888779,441125,540309,217623,893942,99087,903662,142477,446667,970708,512658,704159,665014,682838,720480,266115,674753,55419,180307,962199,99297,191402,810884,126035,799933,134752,150118,636237,962714,600206,124624,291510,460658,560465,782871,95321,222115,33983,360756,54735,790942,822708,106602,362535,572736,124751,565853,887441,212929,821546,125415,530713,212497,719953,853205,750799,984814,115042,90773,77105,746486,659249,315377,130480,427800,342581,67315,883256,266026,360265,208650,544505,41996,219816,112280,76789,341192,107505,546921,889445,50750,192015,496646,234191,174989,590680,315048,746984,753564,463271,89098,115137,580216,340125,417802,428958,862151,106775,432993,652293,657363,630629,192337,961969,874440,92258,907514,570330,124169,584619,654770,153789,976672,841816,415310,148092,183623,782604,50437,618456,562677,531637,309019,3105,701759,47802,678569,177513,74970,563216,653832,392714,457688,653068,668795,619467,783001,609006,379008,967972,835048,407645,804916,689927,207850,647452,401769,787138,831939,704470,152275,788267,530229,848658,116446,886162,208457,973589,844107,74860,857441,256750,169473,917114,832789,348625,788824,477543,315085,481855,173052,273164,758738,893757,735976,204957,724703,190254,974427,602242,5192,854341,983025,735999,139027,793894,144086,684410,602108,648722,623572,779200,468259,78857,928417,770606,611764,570539,231262,375823,333962,636202,567872,622637,264119,868276,486949,315277,947028,707979,951320,288539,104655,735516,577512,937653,782994,584884,947784,752740,637111,814020,105919,468221,104352,746558,527092,170990,457498,970573,952317,73360,244275,35385,719613,436919,548095,225167,508098,78937,583120,899014,120850,23467,509584,622544,588975,93234,881988,720978,893299,737864,53642,614580,947614,139277,610093,631510,756264,284449,722533,205028,477031,727323,637667,565662,268311,987781,419623,598979,36004,926407,104485,473446,30511,108219,611563,506913,250627,811591,33703,968394,788172,482464,642866,569909,561969,244058,564452,636653,931506,687049,150443,54303,216965,918206,730059,53117,262647,736626,96907,661219,147895,570295,955784,962790,433197,886234,432366,280584,122698,677806,763333,964569,751029,241211,789592,341664,758353,537921,15986,19888,355284,364652,744624,778384,813966,592072,40002,122252,28518,265095,520892,628890,82553,652876,36339,803430,985264,932219,17803,780968,93232,916147,44215,607513,481184,59761,486220,856716,121151,114338,457473,867620,453141,38791,134972,254566,982160,528342,148274,384027,422098,935384,229906,785846,487122,17073,786822,282365,749909,284650,409251,299923,287398,358811,717604,452529,314569,697907,580124,703141,34052,43436,355928,115277,84708,133165,884226,966208,444013,432538,7659,683687,574861,91034,885443,831453,130067,869668,322215,411268,739077,679506,522600,582805,175697,593445,817890,251907,135504,189584,551268,85347,444562,168586,201537,351175,875590,363651,187058,130035,369057,492842,327626,601580,793884,985418,989991,67938,943368,249639,463791,531574,707466,81709,597940,377773,328394,123658,691208,900979,89930,281606,76201,575025,965577,506415,978609,639738,229512,670622,937065,222948,888070,940377,987251,145942,754603,639813,52181,332904,642039,922355,656340,576833,948267,815541,523312,140783,674662,102331,687262,637859,941430,198087,53684,159537,399367,925557,849262,430585,400616,713860,838918,71773,389229,495588,8056,903063,250306,702086,89809,558014,85521,350449,463102,638761,667964,34867,867258,129979,545378,153006,353895,531624,306081,159020,562428,526513,142728,828923,538569,981311,551325,100319,60418,894017,626911,233184,110356,431914,966546,795697,18743,27000,827193,955449,267688,243345,182202,801991,542611,139208,329021,943666,829491,838055,708928,397690,132352,807598,770735,140756,881127,941447,122910,913435,759392,219084,475144,473231,229985,85313,441804,478983,238445,104211,197499,731965,321067,844420,827609,476169,279252,834428,565349,639341,781408,721178,625609,543648,580331,567832,395963,125359,676781,107923,465089,150896,374927,621755,54138,593770,833617,109008,495498,677627,459365,709120,109463,893712,455959,592658,260170,438438,128434,206055,536415,556632,721787,971290,582936,65483,595371,92712,135915,952186,669543,166411,458041,829353,374194,974222,449089,990803,340295,923150,290431,407244,446122,303902,537449,905310,606066,455844,321752,644848,611309,619229,171857,597997,661896,225655,579858,608210,668257,885231,110685,591292,898049,300954,791872,693004,727190,14841,696677,761003,522725,314740,114857,321352,508273,502698,579377,619794,413483,545978,29437,156651,8741,160248,154822,670982,740460,757545,836819,484643,548749,680820,513760,270522,575234,32109,65208,302085,790510,453687,364408,535388,285352,959938,239312,851444,677629,524377,66156,72111,929006,87739,706870,756806,332945,318876,353967,586144,38605,453139,991762,144330,120695,880245,11741,962366,950017,323963,664187,345562,801060,144944,818025,674664,395295,117592,553002,921105,666826,189653,529268,696995,331487,98277,985147,74523,893531,85678,683656,496428,42266,707258,122330,10388,788512,603197,647794,435253,654033,363297,826786,949199,15017,120876,956863,854777,264475,229462,350747,275741,984975,757769,271107,963803,352709,486575,323280,148226,145265,793403,467882,483073,930903,324601,413659,474006,245912,156399,659475,831306,409452,523290,233034,941198,188489,406460,277368,476664,514162,635114,244284,685291,587959,429373,130598,234385,206993,772741,462431,444367,672767,313731,603598,647337,694842,883743,479928,440565,567396,987381,336964,132446,967311,843574,919925,286677,965546,312754,805698,596522,992537,169761,391450,205177,877297,651805,52814,194788,505520,548853,230025,499567,832437,339223,868382,686655,502037,690876,922395,539364,340005,728889,795553,900315,816425,258431,595709,450702,946278,286092,337443,61603,932320,4883,491714,610625,591637,987933,68847,448970,788201,690600,169930,588979,376743,366800,448906,87420,136573,288809,81816,60622,52940,258182,179812,63502,702698,790359,620935,532113,399767,115199,440650,64095,904458,293541,448550,816756,239522,389254,589736,424421,119154,318775,906009,230450,888886,177078,374499,476507,579056,726584,566449,710590,563021,762847,247682,751071,325722,673842,382488,968261,999960,224789,641568,155066,224484,123926,763727,898095,211459,363775,204523,918136,46690,608114,260571,876910,161005,527803,364089,200801,612825,539960,223473,286669,123395,609829,523497,595145,885174,144388,236206,142839,880323,806261,876824,885301,173203,858757,662295,421654,475047,547512,81928,522393,883266,29304,49945,252625,275963,866881,957154,517032,504452,192009,784262,969513,351515,828312,292543,460245,401942,580262,229052,468053,758493,822008,164722,781837,66993,294766,445371,399485,311040,882647,826494,368621,365193,491879,968966,467842,23827,817027,681519,805332,314812,641366,566842,359620,812936,189991,325349,284654,919610,33668,365606,974714,196755,901016,147287,259696,564311,677556,241273,767078,9951,968537,885295,429326,323728,491480,767874,676429,4557,112339,38399,570464,670963,465937,703124,258688,429961,879132,603321,713192,437007,782804,190488,639180,703577,984615,984340,75307,73378,265107,674176,334353,566253,968325,775764,987609,43586,325926,387019,887544,87154,332504,168127,221181,270042,272749,176573,622261,714831,742703,999397,747978,170034,661395,489526,293502,824278,531201,334429,599104,574951,342958,169196,250778,699825,222641,736260,212619,45895,816666,743448,896905,171285,814629,620570,439446,940351,90351,694071,931072,472425,173127,644634,968640,745620,191228,263146,775068,3964,828266,306215,293662,801678,763277,464243,901540,811813,853030,47049,603996,70150,900133,452736,60274,681367,456481,91331,29888,931610,787007,194426,185408,589518,846704,386528,889006,811738,794867,888855,24717,678745,761923,255327,633612,140672,63989,363665,180905,37689,29324,657676,141064,863649,442112,236389,832056,954110,811990,894122,879622,83502,247622,631420,223919,47075,55978,458967,147318,754980,258593,90293,175991,520283,259001,128719,189251,26784,800162,812983,90229,243135,870132,764188,935135,360924,100436,415990,557588,355507,544131,794341,200039,486980,340506,691019,590820,584281,398743,156252,82011,982743,560782,441113,545954,962328,161817,192570,292600,298674,622928,947737,542446,466447,15716,177848,90531,327686,2768,808571,287922,732290,407451,425116,462099,807294,638827,675857,24161,184013,153062,644280,967614,417664,743768,85600,784336,275308,637660,360801,262154,316616,167310,976980,908595,294177,985639,765671,532001,614052,774905,647111,555575,882229,247868,964765,878660,701928,97092,912115,942274,785635,130550,100821,935362,720216,77500,917931,801316,461747,478092,363741,396957,696610,186921,944448,263090,328924,15167,570059,512512,66597,707122,655055,814040,336829,485545,574270,789288,1313,917990,743539,211496,879445,689776,922808,460366,91443,692001,675012,843488,888750,622738,777706,2426,248073,403394,702047,51930,456992,447097,93722,692083,39036,817889,86418,652333,569355,334657,746139,515615,735646,72828,225845,89414,279131,694965,238077,38760,982354,430519,101641,32713,605758,554356,271441,731727,262205,93459,890037,621319,728958,707649,125434,767978,359842,756030,424363,170119,331317,202706,317614,79736,214928,782559,621035,976247,986690,395189,263459,620084,923100,541958,547736,553087,490064,251318,233170,350655,435764,366595,161959,566816,696771,79534,354529,684428,14379,297208,127358,864087,939746,425354,651030,456392,927911,167473,507800,65523,993317,366808,583333,430837,639502,992472,532368,124291,988866,467659,207201,711320,679248,63551,531271,625941,500107,191270,278240,756086,564439,73078,783418,857484,245817,275806,23950,77033,690114,819126,58781,619277,6749,714445,419567,53650,839180,114736,184027,779772,877786,435118,608112,187566,497122,632589,641022,27644,60689,935827,909057,807746,812284,903638,754247,587170,786853,713709,47070,569855,80300,59246,161557,441309,246811,593414,717215,917662,277048,380161,870886,723080,139767,486560,475720,328659,559837,785711,985337,305363,108834,973614,63603,449214,180130,946820,941125,915581,349775,557821,865386,802224,202391,227217,76322,804184,962614,430700,558361,568831,426357,189912,554193,81450,713595,399165,974092,396577,832951,1995,357440,200222,273763,16184,44457,116993,686760,355510,469531,431049,875224,758483,768141,68928,704269,256156,225703,603075,634843,56983,853602,791182,897522,975022,19159,169229,130945,272712,156781,743823,827429,396875,202400,872481,120436,10754,659609,628052,197609,705191,784608,164940,342592,695048,531907,715337,944851,828681,583505,190330,820523,626790,132564,82558,220339,978812,676841,219490,117546,910430,318154,103008,353024,636691,141,832498,422162,374450,810610,954002,92747,115393,732739,537737,547332,107223,138238,607240,120983,170398,109205,223082,761219,727693,748236,485568,128482,877471,510689,886417,462179,618977,16200,212009,568935,130578,424398,413351,498280,333395,360710,395319,259103,455395,609319,407528,23597,841137,638909,956513,805577,727129,565039,747806,75901,216976,260025,935367,66572,598743,495970,435235,314229,91354,248264,504042,989208,463510,582023,245559,592052,208026,145816,154436,689663,435141,457120,313508,777269,242771,959259,550903,607689,14358,176622,938701,258496,840714,988512,274508,576667,852062,982338,870479,273397,104622,355921,825664,952732,322057,410682,55517,503298,608768,875684,332907,19785,909955,953659,838479,734405,480825,399315,3072,222390,817249,367656,449439,544628,487799,621164,519219,8620,723781,667079,997589,906116,138608,952578,242948,406877,515122,24940,276021,452008,63438,588202,65894,382341,578443,927904,87670,223919,972455,285540,236821,981105,499864,535489,981989,580280,456533,648891,602825,154379,194264,343366,174204,962103,107311,740731,27268,479527,360353,360199,158459,519019,855311,469168,710280,590524,77764,932339,305239,368026,806800,32109,999488,794579,806158,608220,361437,258824,491326,758336,385381,130077,168346,42700,54692,895292,459692,421970,987643,990911,724371,705244,686909,179381,397859,388840,407854,153164,355343,826643,488676,290189,869997,395306,914632,980885,851981,986932,800199,434001,661367,360941,385338,447424,656540,553879,389031,101014,843452,883653,797939,601340,849211,713918,782383,730250,234409,231090,486132,661324,955484,391360,343302,143928,8606,928339,793026,561691,498338,921707,649794,253211,214941,839445,666405,943583,447288,943368,906955,779440,97672,359835,992993,386706,414171,994921,543695,662084,43139,168991,295047,91880,828087,727119,259176,600741,749696,371164,266575,799729,77197,881454,869169,550249,318930,916725,960333,734562,329563,375634,356161,597856,604100,696462,198781,581590,855317,744075,267630,715932,743573,990887,907611,897987,19331,15198,852627,342158,302247,8590,991989,389282,148679,400341,427287,383996,217778,621894,341723,30241,855175,647506,371366,77835,903302,746400,722322,766550,658348,220669,486105,401137,231990,378217,274160,681816,711083,123061,524254,847659,383089,130467,646298,252309,600057,685723,577475,475869,168280,397249,945175,332521,669866,454146,200054,221780,577121,552511,811386,7417,25918,260820,730208,84695,905472,982593,815915,565368,878358,864706,567601,551490,748753,259778,995017,887511,816550,800368,646592,230285,862998,82184,634829,231434,707098,538765,711236,822479,272318,316347,450313,442489,463380,877277,94119,777998,891055,731909,705679,693041,87438,736285,811082,570322,789630,416177,363585,496359,97102,44055,355125,259353,737260,859835,899589,523018,574813,716247,965692,784507,890919,922257,181929,594558,903001,824779,957162,42359,378962,452202,522768,318969,985771,701052,250375,753745,681969,976197,489659,629898,943785,297309,426721,823195,767958,215779,313203,849255,909675,420145,272375,752739,277314,984491,165572,807727,499416,486652,471288,521340,980949,829547,398313,746376,671326,375044,747212,336533,985366,172209,778079,998632,825904,510958,670382,789222,901577,228914,559353,461752,273759,858359,749296,749877,942642,369833,744275,449796,683476,458567,945610,12751,70396,916721,110122,625528,204653,111697,133900,81181,986255,525325,883177,821022,549946,469979,91553,89696,650924,816664,503969,191367,203600,725206,414820,982745,424744,671525,206173,151546,246200,857523,745213,174868,414041,499681,838553,201549,187798,803879,779750,581395,369042,194581,764155,688132,440079,88335,44847,621081,956439,40497,283929,788510,924912,326934,336521,593754,648566,553496,449219,402974,264534,519463,845685,377955,77158,589649,391486,527828,608201,821626,478413,963900,22311,482505,900376,263525,981246,702613,330950,534033,172099,466197,269827,934776,405549,816066,890692,684157,197195,716987,940031,394604,885627,490033,175295,591049,957154,79081,765702,995844,278106,893326,314719,902396,512100,703873,661345,565044,367966,125691,35019,541981,340957,270029,788836,523031,375413,282882,537572,649359,204182,773540,935367,499332,654198,984248,794982,727947,758785,161651,884776,129384,75671,388245,964541,968812,6706,915267,266492,644304,367605,607835,994623,87426,569072,735272,345467,415206,603288,485770,852078,645504,72914,654109,723180,344273,649417,745070,758220,552678,393128,599219,589376,335674,605424,38931,368232,63582,270424,139896,632967,440540,343659,415605,273191,42908,730886,283754,955536,391066,101367,782170,142057,969669,867267,784239,885940,679430,983554,692086,410747,390987,904729,322826,132023,744684,114370,918671,596658,585274,598626,34794,288330,322514,582250,153544,454647,256110,25952,758666,20904,426088,575605,888542,817609,647010,691543,826093,883599,162623,179647,178646,657970,431218,81819,240211,871599,213929,957156,841558,857101,380773,225118,743043,931521,675350,768198,215571,364713,64376,256915,580524,906308,749019,404727,300165,909444,463697,407766,71116,555807,573745,550278,216482,211059,565422,657673,198553,561456,208814,816045,142470,519099,662768,139046,698,780224,931289,176875,976076,893100,958511,283625,575854,280683,668319,980020,605060,92198,827673,978944,37662,75028,428326,483626,734769,366005,89782,607995,721693,920836,762943,228577,29201,438772,151416,970590,738748,912019,848486,683540,861104,227732,459178,176994,723743,158696,658466,390291,403460,901895,621525,541780,165969,921345,232781,469084,170583,293292,178168,50481,228427,706759,626243,672867,452922,111456,526186,240271,7303,802173,709843,123514,940870,778843,814734,243616,839369,243964,439579,374410,118966,217568,221435,187999,62505,623864,641825,669270,659386,338580,124738,876683,781238,566050,718898,185501,736942,167442,735217,770214,151694,360821,820105,253173,597249,233286,742922,64844,839324,85015,875081,889876,13764,517744,112188,12854,356175,593223,95703,231991,157092,521454,627075,121555,232240,418742,311080,847989,567152,184330,496628,401908,256634,71544,290964,595466,409928,651095,437415,797182,174551,83428,683204,927787,52092,890669,316836,50151,386588,241632,825462,953175,5348,319476,632932,845722,400666,324796,21312,312770,779689,552913,483190,867696,982940,822932,828527,902586,952289,388565,27970,664907,509094,895198,381108,629684,491224,140936,589140,340824,359724,916170,360596,921380,912406,232608,144659,972381,433029,161316,385372,195587,258410,736925,984975,483872,134996,938595,844415,499801,772209,352902,866235,534226,997461,184960,300671,61137,571181,482774,119811,453747,625928,454719,484480,539905,77184,65409,860981,736317,576651,486694,127160,55016,597175,526666,110774,375194,123190,101833,556983,834632,339378,311527,917559,288056,990769,920938,41357,349798,58235,757342,427329,264775,32445,769898,498992,156490,506955,142393,440258,726019,782500,820895,890637,733047,172215,368792,128883,345402,773256,445236,689544,635782,348400,281521,161855,400168,995266,789074,814893,260340,774367,340075,206256,212304,556702,835664,246404,937166,605167,313327,864509,812494,660852,236876,182115,655814,708302,474656,941743,162678,45536,923993,403490,409029,957345,911352,187323,44286,420123,542299,440434,284546,96962,403898,396045,898980,822982,892165,707291,285111,413928,544137,366369,526884,616877,647861,490897,15392,703502,887353,380590,599452,341843,302974,17697,829109,36177,5324,697268,755139,215062,875817,444174,875228,227137,875732,524291,268997,551602,552680,100374,120354,431791,381995,596419,783356,876129,712041,816038,835861,876132,382701,627774,667998,922134,648978,91060,79288,218386,566073,404740,754934,472586,905679,472085,400140,808064,289980,153887,541268,160788,810529,564706,372791,89256,423032,311900,944062,924668,149889,183725,308554,557087,179988,892463,936938,918819,969687,540739,836585,891551,703638,998070,345767,787874,847100,659169,517417,190284,256346,697154,584747,631160,33691,646145,852559,624003,631182,702796,722262,376328,570020,640190,280255,784511,653196,729551,864296,254143,472278,432182,442493,233246,649592,143217,341057,27378,846600,39205,583407,95023,589771,809508,111772,570552,557818,840993,628368,923505,926829,731134,999629,354558,141318,39469,74421,940012,848349,856960,177750,395814,144897,267143,28522,453305,930828,203322,911107,731929,560259,836391,525220,164668,214133,191512,26477,861581,701510,238345,131258,617853,762560,233972,495881,177861,755078,528548,494324,847681,639977,34423,684657,331813,696332,908362,458761,517414,456590,353166,980499,434735,103834,255318,148649,297905,852531,762545,988080,982955,871805,352682,94435,260248,335487,177678,163639,378129,807115,995511,373162,187772,190907,543574,989925,786769,394993,899853,85580,872532,351657,323989,270925,750077,25357,432186,63444,774689,829023,286570,325396,439923,846485,564041,146661,645161,120795,54577,779770,472399,301864,29606,68929,571002,383104,929313,828932,496021,216771,887160,582722,678174,205153,398121,58320,482034,37743,62555,688937,577347,150742,602834,566535,460944,911655,228557,302305,965398,421132,128820,916606,498415,226948,407514,563638,713243,961735,578484,856796,118942,250333,775389,316740,440416,853236,971175,260770,862720,31916,693208,630755,568065,489615,329727,999299,962516,895699,909663,742626,40322,714230,592881,414582,867052,761666,703244,605977,948938,766010,399575,311871,112251,862419,592487,272482,146415,52944,155894,10625,650485,108722,923439,139241,92793,89623,836439,386656,5925,6477,679455,109724,45600,900464,415806,234674,615852,82948,779241,115212,785189,434446,956911,495422,473035,770005,526207,686730,828747,280316,978009,632043,314593,113747,180967,446637,812496,38998,448423,209869,80241,25538,611783,967277,866107,793819,927622,74389,422260,134522,872948,991373,255059,833139,512451,697921,715499,365066,242649,735493,320592,942823,944642,631829,480217,311271,573579,939529,921120,65791,706841,669257,659677,130558,294418,920688,695182,711352,123454,606870,13164,130422,51763,750524,94573,113115,212790,180433,21073,353145,457889,711827,622789,176476,583007,890344,975973,656355,145907,95444,358347,984181,339640,781563,103942,472237,526844,636108,537852,882327,639498,402575,635204,914208,732179,851939,679954,179847,684634,983019,538866,833491,944432,39526,746529,668507,677642,164765,900089,65826,251470,333167,753324,141663,545560,15332,570910,335804,890101,603636,317871,819425,393486,184976,364272,609556,514691,36493,247129,529193,16679,983020,352002,308830,744049,433149,228681,232179,154919,773145,451691,801386,362589,271817,417544,572585,439803,689430,519064,110586,207513,100281,60386,119263,677368,916512,561066,272539,293192,500144,791289,386013,430431,228997,450482,683553,891790,420099,477776,276865,795528,235803,805784,394045,262264,40644,827966,267447,124646,497594,820553,637745,295536,298924,74650,143326,640585,993551,738411,146941,459768,521973,963520,979550,93109,376369,217867,192640,542259,843421,773068,27976,327692,908921,124543,469816,16179,774005,673215,138535,812221,632716,329573,435841,610264,558909,618800,934320,628182,408308,119289,454247,191029,27107,86978,757765,497227,107424,367986,933661,206509,771464,849304,494308,577757,338321,415745,482118,116275,413306,162043,612113,164288,596796,795680,310497,789395,26370,781636,581595,534709,429670,709995,850043,946221,549397,474850,624059,485574,59256,516116,691253,904617,846374,225551,559384,976202,86013,892692,375678,578031,31991,383873,535317,619478,481198,698930,77159,365150,525819,87694,182256,863257,543532,529306,861892,451999,283200,594726,502472,317075,25583,460449,235397,130886,872372,527134,992127,471191,80071,983877,155303,61337,482864,737080,701477,387403,227603,303728,353232,871398,913912,524181,180850,289058,640431,922697,376284,464604,385328,938170,446916,359689,908091,617494,600777,956212,261234,75982,819322,627852,838957,73487,843798,845937,559664,734803,932472,919926,40383,688820,793313,667088,580760,152557,872364,286692,440504,68666,150663,606376,464444,837892,776127,444682,2204,921100,343151,227959,974029,472691,173910,644041,147201,196064,744340,286771,178973,923439,148871,719092,850977,420859,582102,664329,844454,632820,299192,357338,17620,200669,878044,66372,108855,959493,534335,19837,502748,685706,894431,867492,444808,831933,884257,489840,458263,189101,962293,973884,28914,988375,189101,709258,771896,266332,146427,422330,85920,338163,403866,42951,188407,330897,856146,75481,387793,195897,24718,927274,27896,177043,922580,2437,473602,97700,507761,911500,507681,764274,781934,579671,744630,996703,29663,318782,924096,394549,276790,3513,16498,810816,72140,968935,83368,374476,769151,447633,261453,685383,229296,279630,13821,461690,75230,750524,461926,383812,87854,915780,196927,19057,199958,602378,237300,521620,388607,90380,859235,369212,621942,81873,299745,40690,839784,45438,865643,58413,693899,735637,264975,936329,516100,692582,17965,217319,275865,84138,464775,240839,44745,792126,935209,652091,111469,41599,463722,127100,843605,415472,455431,50922,364494,995588,682613,285439,948948,82135,159176,205311,351417,60187,267751,143861,36086,581981,502647,738004,477855,278390,446896,888286,245030,901829,504950,253527,182820,582271,408262,841755,686987,791205,791214,450259,511270,179750,424582,604347,251872,962344,940679,956609,985225,729812,663093,923864,119413,353820,316591,267390,534441,824130,272056,492846,76919,441220,719132,567772,138266,607365,353492,850050,612492,415342,11201,318508,908699,844303,243534,423322,407997,637359,599343,298078,560337,25094,733411,495502,626917,248336,494011,590703,217017,923418,509527,689881,97767,55945,837205,654567,527762,224456,187943,640298,685396,364032,340356,282028,141684,450748,646692,24850,19059,987535,574141,469532,310317,16970,608628,117094,671243,751794,324019,392046,48640,566854,561501,425535,475111,765183,486086,878610,928057,69713,407150,923207,981272,714809,93022,142859,921141,542019,911586,540823,519385,562305,327878,136490,747704,269003,677181,343690,316426,405151,443799,111107,345155,497526,549109,579227,976096,818639,887984,911847,697244,216773,734987,212402,853620,598972,329548,521831,463773,454291,219773,649465,246993,950610,754538,2711,168468,533669,962875,647276,666097,186927,254828,642196,321889,724716,27888,256408,72806,971184,420179,743156,90923,111835,631782,489926,854025,940268,941071,621121,850128,944971,208118,776674,9956,426585,959538,630972,680391,652233,101041,754518,426169,146047,982387,722209,816226,953110,877897,899856,60606,355129,162624,573199,874868,115386,668679,543497,590616,184385,694943,147906,421518,898790,711715,759614,623886,833490,568764,376768,519369,145381,534706,278723,156523,482986,237585,671699,857418,633478,391028,861585,668821,14445,683584,392632,754756,968049,490149,572269,560039,472592,259564,473424,612811,626739,157378,672178,130962,730467,513323,979483,843091,308929,727692,696437,531255,702550,392205,388528,844332,66376,559876,567990,865712,567808,199443,623387,887344,340035,739504,913021,346747,606696,646721,890327,486997,898047,906446,3847,249019,44505,445482,940713,390262,547495,433755,729575,305465,274591,794907,315827,409306,797462,454922,463830,889281,771046,551955,845045,510283,978781,492105,81387,7469,868157,995561,930428,278671,526733,436232,400890,862711,147337,79738,842162,140557,542939,22727,80210,47707,775980,849545,587113,631360,483998,616784,427508,346946,544496,629328,481726,222540,917536,621118,417086,581278,498786,225273,550133,988293,238349,392678,318583,465571,188120,176248,413734,454115,419323,320197,108375,496245,921171,17215,515860,16324,543598,640241,193737,299696,866986,943068,997119,35089,734609,228833,43103,643901,520783,53282,19015,986687,49237,320414,801237,395542,537442,567902,368436,858919,65844,821711,394528,975532,197915,688913,731289,318551,293967,673125,428445,196231,122698,417822,636678,255138,999787,606500,207902,517744,794193,607380,146486,333064,949939,126976,796572,176653,302784,624443,391698,272736,402437,219679,721011,921827,484755,903244,370565,796531,717154,400434,276508,123286,948178,636166,855733,632846,920378,987959,313419,785434,604877,630253,944140,324608,340927,797142,649520,824615,205897,236073,211282,29937,610648,460269,261249,37001,829175,916523,700586,660469,29164,27631,47994,812345,749272,520890,51113,647223,664707,556535,482961,836028,805618,995863,268532,179284,595485,212259,926006,259615,417923,796866,435907,440535,567407,55843,753032,870461,323375,46045,842867,338817,836707,443657,241216,886928,819685,792226,272769,392769,261954,22055,449836,948417,384245,951061,257326,725098,829085,419456,758311,967574,388340,371578,43112,751283,616210,12743,541115,23647,40190,178276,404030,399629,824925,575235,204753,527490,993394,110767,937578,981016,724664,819015,832481,378010,151746,374627,897112,614079,785258,323460,587893,159158,605152,463548,601246,487087,522833,407061,977426,607885,593435,206788,589915,26287,637024,408181,475710,843549,480856,733261,756338,198017,270596,715866,629233,520110,480329,261628,142027,879675,656936,973026,903682,519873,212480,745608,574490,625106,488892,38080,50204,409035,431846,549372,580726,833208,883422,987543,306602,805592,295878,322115,858041,891092,776965,440365,599796,213656,354949,440006,817895,225533,348447,487106,568171,334510,483458,789147,28642,565320,978715,966822,22999,955660,833335,120096,928465,265943,107338,349210,225854,588292,322420,837500,662102,763646,472104,593952,269315,895370,916847,554563,468096,630767,204994,359505,903762,800424,762864,137179,38109,574580,854093,732951,53561,830753,794478,518942,337621,253778,901056,413208,568212,46945,660581,59956,430313,529888,356079,142938,809124,276911,141141,458884,894976,720212,898024,363209,135331,789035,687409,486660,156484,548499,717151,412087,68377,969408,649107,700196,796967,751817,7576,74448,982986,231314,172019,224755,608445,90811,974001,912685,145075,504191,994990,714447,597583,991688,962043,308114,496261,51151,780733,268205,684991,321826,790606,321935,150889,568089,943214,203122,80278,49987,268592,21390,758624,138242,787604,820433,568383,441265,704216,89936,127526,519611,135209,180669,463075,255648,914873,855970,954109,352321,77405,64176,618602,62337,414894,868839,766625,658870,799572,886538,673511,638737,337272,888851,233715,513277,311886,735510,179124,171193,393542,699775,143370,795487,113617,324152,629500,966804,698824,329241,678600,841591,146045,798016,258820,865915,146436,267070,195239,221586,255294,811171,816035,105194,424834,915146,225898,571638,532813,972343,706560,79296,10745,142558,738952,951188,60249,754245,850299,284218,843194,12733,810229,969875,994452,723727,139629,40076,77942,203600,895220,139292,368624,598164,388057,20382,374092,481799,821107,385247,810750,750004,946710,545679,336081,617028,525007,552568,237121,612945,760360,174099,584904,563212,863455,541365,68908,71857,173377,696514,453848,988386,533787,35553,243558,706993,860654,866801,322411,538183,650849,65184,759921,419774,648552,514814,677735,354357,695988,132867,751821,810764,954134,869042,523514,691072,208931,632273,999627,533428,824847,525641,376070,936549,333203,592805,240125,501339,189997,45234,775813,733718,46023,372333,944912,423546,169642,401578,468580,1215,296610,113648,920584,135495,881110,735941,249586,895809,689213,293694,804747,143584,322674,955773,527392,913046,764110,345341,669516,488918,430150,224536,297145,59692,752762,995675,59032,801687,705507,936019,219634,948002,770190,643003,119985,907129,804573,665045,182602,458530,55672,762026,196475,117981,848830,67918,410541,331336,891034,510651,7643,618601,965675,706327,719442,397917,823385,699656,879174,203759,245383,377197,111781,271067,90846,293653,924612,539116,496336,97091,338068,827988,108241,75104,566097,479646,159680,353905,877073,787502,252998,361223,782176,650510,391209,228459,38492,797384,400554,233943,179203,527243,178682,855827,292608,823931,131081,568993,41520,243785,901027,451799,149176,696761,528418,421749,407977,380559,700450,643805,91622,330765,674548,194044,345428,661348,930198,662329,578005,956076,563919,920596,92062,272700,251309,307675,405095,278370,674902,423136,781414,315245,287571,502271,779320,72028,471483,389034,566104,598605,669824,333316,643020,119495,730151,404165,675654,998752,346564,254187,122479,397951,634985,40094,333727,833216,871275,385705,219146,567433,794583,329548,982512,974038,281501,284385,874205,616417,794983,606068,530194,667941,611901,91496,707489,803378,424472,935672,624125,687385,706359,423852,534622,623050,491865,31493,793616,597045,755283,376383,94478,559341,382394,245504,967860,358178,299018,314761,91131,2130,132040,623309,373853,209241,717387,288083,179685,500411,355644,690307,372820,451808,497366,10035,779548,29867,120061,729986,357363,624667,364237,856071,706883,611785,796799,698205,819811,642023,37271,536046,151607,739909,455827,831163,801070,691812,161828,465025,775258,146988,191337,652600,725793,935059,3367,180540,807392,913075,665788,642059,416842,454058,977799,392651,594158,137681,274037,678174,237333,896419,498785,883054,571540,935620,853644,537133,112388,475627,574065,540750,617024,282875,763449,485161,336103,769095,711251,610070,114696,267519,994575,264445,544557,371903,370130,1163,684228,849896,247092,428748,450347,504659,424212,911956,58405,188058,433573,110987,39498,634632,704966,974791,107756,661485,690017,747766,143615,49468,819204,249493,660286,562977,925404,150351,431692,851752,767128,136345,283489,597985,986015,71485,883518,944303,133920,300403,887205,177669,787768,294511,722612,283478,263029,871655,765568,690607,756216,600005,565189,411842,405970,441553,874425,180380,262120,552579,413697,947189,440129,344353,220198,764046,781931,275189,482551,337018,632525,416952,331800,982855,626920,552233,963525,787517,618578,987409,613606,366074,273859,829413,28278,938773,417871,889844,903551,769574,924128,472497,165204,327998,240604,53455,52909,247040,515260,698244,481198,483977,331246,766921,336614,376602,833000,292727,222646,151738,918631,983904,473587,161112,255581,26690,188603,925570,665525,365433,38211,579337,95749,371692,587130,181930,611820,825384,303441,302703,329055,291423,359839,911871,471257,579340,145818,686724,970224,380170,64874,214259,698735,110609,353741,516338,45223,981547,712418,76311,672326,80261,439900,535101,480702,434409,564922,903732,704455,502935,712365,871258,440165,839019,546862,728915,765833,535620,97460,550408,8764,10122,743076,6206,814024,278211,304857,125465,210809,600951,592844,227146,509289,92040,772984,864774,831345,764913,430583,9309,356543,784734,982687,101582,616835,688801,33459,846528,592765,84035,383138,418235,169895,124467,804908,209930,952130,34151,260807,837575,841934,149803,387485,885222,750457,718308,54076,953539,329538,920975,818579,695524,578833,363103,197874,263006,397912,549744,655077,867125,394349,522876,982184,836666,328530,924170,775875,653441,220501,487894,793727,683599,252285,899371,540119,941857,65597,608747,851520,940752,942515,595218,64195,50604,743387,950692,928873,10506,50940,247716,715133,742321,68603,704168,894398,975239,149201,306270,257969,229608,237830,895073,30880,804721,41317,162948,777642,264014,9728,920224,29025,815726,166391,66725,82082,686659,46694,889841,234874,703673,766874,141832,875079,16145,615771,518806,874564,734358,594787,294765,82742,966760,659186,424439,60373,639021,255334,779268,977030,795856,492859,324017,564156,614110,101628,332243,929643,32099,30713,979562,44556,74109,2558,195687,8215,129794,475261,406594,575755,391399,409856,431878,101528,669815,107127,908402,293413,440087,738252,193692,775362,491819,232643,395952,66326,631974,645661,463235,220827,218399,458477,861521,680125,485568,878008,946976,997674,765332,41134,299462,708489,498571,25448,81418,193417,297468,181255,761373,766221,708929,128554,745120,412349,941029,496027,613307,805836,2545,30305,981386,162896,46041,660542,314796,118776,436384,470027,166503,745805,380318,194746,879844,379693,211873,317947,527545,856060,514580,257542,568888,722999,3506,685511,528011,41811,955335,215699,187524,780642,636125,783151,84954,27791,167192,256026,268788,502488,500821,455404,742964,548976,941732,630389,667152,114502,68205,559729,491349,888014,525610,387017,967204,933270,739281,728764,601660,331560,830333,997898,527153,135948,378472,327751,586345,661153,851564,619313,417499,210418,928166,725700,809184,586833,490853,310557,517209,259158,117932,357988,14195,843111,443986,38551,673360,797785,399982,637118,749272,592660,803789,962941,79557,215458,214058,227499,76033,564666,277268,868749,759473,311923,855420,496451,705449,984829,829694,927618,797454,143288,135581,430271,543723,163175,176771,288198,922664,652637,835868,726138,805503,30721,298152,341637,241734,638668,980449,20383,929643,553022,293378,757214,363236,591429,335677,924320,573936,406279,635205,391257,255509,539057,282843,439095,540808,679104,954486,674155,534630,374060,374822,880476,444109,804086,207463,490595,155881,25483,134843,915364,587274,241875,775501,803452,237900,930610,293353,362214,553745,427948,179836,957667,214053,197699,477347,726716,160050,603560,801271,113062,61326,637233,500256,232876,213265,596762,824066,804087,783905,851292,705476,274536,667349,892968,601049,724160,908920,456633,239997,708938,925736,639690,52632,269892,168468,385378,812096,59482,87841,596375,85722,883895,250123,248814,46448,494991,527951,490675,230509,954379,337665,287213,87184,593012,153154,763807,512518,698928,180590,805753,236024,261892,859389,223368,682801,855870,598990,301247,394015,987796,807844,211844,936830,220164,694784,24811,531815,466514,961729,957424,516206,90878,444147,158066,352084,177040,262055,112731,820313,302917,595984,736085,987645,633600,379662,655106,438565,370612,114415,57274,34343,810900,721785,914224,251266,764072,878480,823670,386250,652276,272103,91539,726234,626577,695492,862079,656789,260849,780503,584592,219445,120587,287726,22625,521072,875546,450666,350858,434179,891887,934711,513356,30514,977190,294378,413915,290762,62753,714627,725723,382618,561835,477014,723022,587313,952142,676342,403875,366295,23061,552481,847349,37949,610554,704844,128809,94379,845663,866153,427550,915626,871754,896768,773420,954152,490658,830053,583456,213410,925575,724680,852910,124994,273159,821253,796403,860803,945777,564408,306057,554940,246315,413873,444248,242919,347160,557227,846077,705528,432503,555791,822865,367434,418788,899982,172636,942313,108365,176240,814857,544541,361968,847560,328910,60371,385585,236686,845449,698931,246723,754922,579321,450311,921491,604861,786038,245145,154321,776695,299137,955134,914606,252952,225249,9290,356014,738780,467858,690811,669150,863298,230112,515335,877057,224140,81277,64268,99696,960810,925603,121502,201016,642113,899281,752342,532386,715211,768770,241180,862232,13017,822854,175130,866722,831888,175882,386710,790670,442278,99885,323850,220656,25142,658485,300327,110407,60041,244447,905582,968585,485780,812091,546479,156397,399028,464063,102056,934248,280916,297509,525143,336544,430297,523871,794,650573,223603,234060,668330,425469,50009,328076,607977,60323,282250,783905,572369,399334,297543,332550,585930,827727,160506,703644,673829,763019,818953,542316,507086,683151,643526,142246,910087,212768,701995,740812,578904,304318,432526,371032,409942,388391,368672,913206,670065,574966,467185,914893,571525,687526,984604,341668,589185,332229,309330,345079,96478,155608,647358,941750,741039,521447,71578,730688,559249,623056,420509,612875,753587,970002,896625,113454,476716,159762,380275,889677,585903,113724,847249,500491,302207,127829,112500,909211,158599,512141,118594,438000,771662,672372,231517,412771,812197,594460,794263,98044,768962,298509,831737,261405,72289,311445,839243,251794,478991,367980,745022,455259,722269,726943,474308,595273,889964,587447,10531,241897,902041,69880,551722,564269,433247,85241,310669,308593,6568,921073,120747,91899,728432,189694,600210,83672,361906,621737,179682,665028,636681,299635,297593,978589,704905,578033,136421,631379,49111,206582,709521,932398,360216,238115,88492,319318,958141,798390,899815,255214,499285,546741,660354,55335,466871,338751,177832,445427,672249,772685,306225,914608,175519,446842,30384,163660,822416,151908,469422,702079,580954,519892,943845,240809,430415,601328,374910,533068,645105,589327,344836,890291,947038,560555,138440,160547,708086,735647,491091,504713,663759,315185,732041,992304,295974,831582,141129,891256,344121,458616,27616,52679,798586,780253,274606,285583,668722,821182,956820,589977,623533,135932,294219,946349,478915,608234,600154,41996,573815,169168,594314,23452,302554,45673,207492,521066,599724,750374,537509,589299,730833,582325,794260,981665,500617,638877,509084,575978,845548,25688,888078,913243,71378,77528,528458,991314,400096,666489,579855,269803,373975,215280,129548,907625,135857,177943,601142,805756,840816,425435,1692,686772,500735,965962,841008,619564,34527,921639,360759,961872,217378,328654,935910,601000,409428,523255,29311,571603,396101,660005,371409,601679,512760,443566,978020,35356,285964,333166,895692,359769,518726,348546,793164,383006,628333,632198,739553,224360,511004,250978,328577,320436,858266,856463,845468,193972,948668,743980,26436,29133,746368,763192,165357,649151,527405,179595,516128,97454,78080,509194,813579,572571,961236,125415,445399,240965,809652,711572,792052,378728,497583,567235,767095,734042,158536,958877,9956,731195,29500,404777,187073,424313,514813,867994,632999,595774,236482,629102,182028,336161,853620,836465,260192,265312,540693,682184,287596,636958,656390,106922,491190,605729,296285,520875,655908,337929,771269,641641,651735,485242,824911,190265,148968,636836,8035,266951,158259,52896,941551,63172,962174,978107,133444,582765,986404,973784,255894,850263,390155,291793,399242,437046,550170,194597,698236,349212,73981,303473,626268,336365,843181,377086,699752,286577,133099,115765,803520,215114,155114,378892,536529,296276,35942,204220,837870,403626,967431,79308,367340,631633,483968,230351,480165,818735,199143,630357,345549,889845,216836,89886,939860,273183,5483,780567,805658,868987,842009,59095,362232,740200,715983,843458,610401,336026,880339,455925,754994,150753,200413,922400,91326,472868,158230,697368,339383,343717,687249,589576,801175,476452,372124,253047,129146,461695,742508,413123,596574,783572,939658,180552,237806,757996,786968,910702,201320,684007,868493,536393,917925,958702,646983,533548,69840,664714,833280,724771,862304,894198,655907,376980,369773,832514,255193,977507,921020,510426,750530,863859,522667,303062,570961,739916,931834,31925,198497,107746,195470,186772,546533,98818,580157,112725,18329,367154,33724,406723,398948,847762,891620,637171,433457,682205,50884,317550,436333,328186,67208,199339,879772,173437,23515,839502,924040,58735,473270,449313,485846,225686,987473,422652,970359,876584,583316,624218,279407,311525,186118,4874,283322,688998,161753,345749,371273,983678,212901,233680,133653,763173,136632,426327,690816,761221,99891,666081,491118,511624,624089,187269,255669,654982,575006,594943,278540,769061,79941,303337,868706,198529,644936,767653,401556,902281,809053,343826,578731,355706,217733,271832,609335,890856,302996,487647,94533,993077,777667,506211,419804,889726,791476,944911,129332,993559,713740,839921,570953,925847,705369,315960,723617,916762,360535,290169,352614,289131,309201,474497,865681,146577,916041,53240,352127,920698,637717,997865,474413,65460,775444,320205,474772,25981,183313,827362,811594,869672,291919,953442,411496,79813,846791,4751,987252,809822,881378,445444,736612,698563,983568,885811,669891,182346,947436,608893,407628,304740,397118,920949,121658,411118,838491,6899,614779,968499,2365,359875,446579,387365,417191,63984,886287,404679,810424,253629,438811,224792,163082,934247,885937,918649,98925,749857,923161,30181,201581,708966,126928,160137,663681,190297,540043,681625,229782,624596,372462,160280,462837,518338,214907,72530,368631,305444,364882,180880,303995,631232,943848,554813,357781,867491,830624,401975,33880,675020,77696,129957,55101,494052,250686,839632,533040,429408,335279,232038,172690,561496,651010,450010,357433,704691,170491,541196,35758,406241,136432,9649,392847,157356,238240,423221,341434,826354,426627,423087,858391,586640,807044,395074,126705,389756,569452,333914,48564,578989,331888,754234,769209,103770,744716,181085,484498,983050,509385,879686,192480,678492,733668,16130,631785,354596,825626,849523,19477,491278,570789,272139,809054,641797,622219,583109,770731,730199,772094,160552,446663,334301,677378,859542,784340,156467,303358,207261,162595,292670,713215,654205,55604,387213,286721,739274,357183,882002,214137,940656,31152,708351,104605,800912,479310,779194,720152,569471,688373,568148,55467,2080,850138,716553,754069,885869,793083,475437,911647,914468,344678,357787,95970,648208,84228,91206,824900,347130,817279,886919,912276,841728,602838,735933,254786,382544,598356,920310,456363,532340,316117,150321,211618,834314,479737,394436,480019,836453,485536,401674,490381,994561,980638,281453,197078,134946,568137,747734,524614,493904,754460,908257,564581,893645,466170,708793,952439,304839,117448,205883,362155,149852,407928,206882,645828,222610,718382,481304,374460,777706,552602,686435,202339,70468,858708,838288,334469,295927,856532,79887,857807,909766,996472,985839,962939,904228,124247,789953,786937,893745,291320,676224,501715,478804,828053,231278,725446,707131,958332,245455,797625,9834,704178,517943,319653,692457,859779,17326,50203,503698,600485,175597,816581,867192,529324,419087,497680,773141,901201,908130,294286,864344,359488,135637,768328,919909,636415,651258,532880,557037,907451,153792,750900,461698,121718,548710,462742,306965,729744,48808,522097,766965,421179,160014,443074,557100,824460,41685,279783,214961,690645,466570,685801,281084,795046,561507,328550,972713,801913,192269,639588,257461,603304,406841,900579,298982,126804,104192,377581,600800,140324,202564,651308,478959,350694,663924,646817,731962,710454,139857,425512,717817,178501,24565,892273,476271,110769,18795,536946,210852,583795,896557,237964,125691,963625,808898,108673,903169,544705,691374,955277,787879,398733,296736,565253,967066,571598,526628,738459,289692,437404,457632,58041,951204,322276,516037,565293,175198,627238,305545,981453,129015,640260,148882,734679,271038,203659,461882,186973,927008,398197,484630,784788,105697,945242,501422,578282,853520,686509,538990,624454,617384,908588,776383,886472,974086,573789,232531,534737,537995,228847,682533,300711,502354,528303,126738,833146,428959,306622,2182,269936,20661,317222,312834,963430,440046,762572,363130,171261,545985,287649,245213,128495,155596,763823,743563,603710,834866,553137,160809,358301,983173,79106,575401,406444,72982,743393,713335,122072,509149,620984,285819,680026,145947,113674,133897,839011,184656,412744,765138,625523,473985,130215,844962,852297,848746,509064,827476,474939,693703,487743,99802,292008,861606,465214,357634,467302,365695,274267,23564,9366,399733,101356,85733,67450,238621,77533,379957,616855,432519,877784,545790,209770,921371,770753,425097,98997,917916,180389,630152,672000,647497,309960,958928,640170,541540,766895,748592,952967,789512,318301,878114,206812,250203,836561,32555,952722,420610,355542,924165,632905,173952,77275,72468,186575,593461,922412,754574,871618,628646,728452,410934,244153,886009,777888,469585,477614,713859,564781,552961,858612,838365,351061,259539,21222,50942,754294,584598,515784,56205,185958,403129,807360,761559,943908,276862,212370,186317,315695,193693,121742,546762,856856,495664,19650,22338,131413,698028,78822,159501,971143,370479,266629,389244,638648,10446,444555,492249,114665,738554,176859,670315,303875,61394,871066,762744,822970,213106,155171,132236,63730,238964,433780,235569,647318,42279,106194,934157,888935,736926,169339,913215,175794,815470,928618,349122,319974,61933,873700,302045,736927,363994,97904,446607,670247,748393,433363,236405,945233,963083,966150,802234,676367,691361,637314,501162,219647,516854,157856,464957,674299,544908,194530,454122,798518,879804,232274,812001,322791,721585,834223,800106,250275,91166,584364,556531,698463,207128,460881,112790,413877,449654,742114,384863,759481,313103,255416,208544,943362,305902,734838,6055,606702,235063,725988,270921,839637,571676,38473,324997,208913,84187,652888,122936,404285,581951,25093,482371,43448,833662,646284,224502,512934,629403,706816,349146,146347,382513,893152,45099,614794,537371,79425,96678,671358,570403,920877,157065,867376,393911,266317,942074,943161,793928,111993,912791,205194,76067,41818,220328,759360,553944,138198,999873,46123,941181,466810,975442,442416,847039,852518,848190,483680,394942,353569,187586,903431,718200,14841,371476,853757,129561,3317,206820,815399,738908,328317,429944,510511,707846,10436,624901,309350,718475,266952,903074,426371,416988,498945,216954,522077,630966,975276,101917,42536,92881,389501,35095,844626,748481,327550,572188,959596,362326,753085,545257,816913,181850,687958,895091,781523,277343,531448,306280,932333,702285,937372,590346,636551,406799,561469,633054,566668,993300,661993,809088,783328,129160,904918,810334,107636,73593,214205,406947,509947,741677,230270,551172,829495,521324,12267,770841,673254,994267,434747,861214,927752,217252,875111,689380,692134,204043,267130,602160,597493,677417,230951,511767,572601,35878,56925,3854,257873,655086,52316,858188,495862,140221,87699,567666,631688,447722,540974,560716,364482,27121,949426,496469,105567,415354,479469,639043,60575,941049,450963,347148,720589,16339,521278,364559,787280,276513,56177,160161,449592,706404,369511,31093,543082,329884,947646,313041,643586,383896,76939,780393,989633,206025,938862,846477,148519,242185,570936,768611,360500,469519,712330,792275,313130,377460,16252,457925,995525,124841,577921,553101,555919,659974,249677,421275,55334,598147,997643,676444,271896,325254,141176,423810,330808,236220,417095,584479,447949,173579,845404,800169,809982,203929,471857,514183,942284,850596,70280,789870,656567,501773,616066,20573,302558,753367,970178,450758,633928,152307,397165,807485,393167,898568,171596,347804,342476,686658,940009,679635,826618,365496,651866,363001,756925,182004,633206,263029,793171,608759,505113,653170,47547,389566,570356,739744,133345,131244,683943,936836,372946,608243,33922,483885,739518,483608,711980,581649,241153,961656,258442,41142,404135,49177,247054,429115,34147,823405,141927,769209,262282,532725,650478,572965,456040,864331,816613,211963,972931,1721,250211,404979,160478,380638,216861,301788,715737,445745,62614,20386,217103,899582,23039,648006,625701,909261,434451,312333,84592,932241,338556,981127,25390,406610,946440,155817,836697,229443,250644,747406,435433,965598,363685,801132,677239,517375,617558,372363,574675,599063,441190,552894,771875,618606,898635,275817,532376,944729,974986,127768,670840,522235,875157,988581,846374,930614,280719,645037,557248,426795,680019,106565,918307,78514,788381,623899,633352,586035,444062,350153,194755,401128,531783,826169,531943,886300,885863,492519,963708,12871,718512,550036,999833,311064,183293,424865,278635,736315,431880,157055,354437,111213,166584,562623,339604,260091,218748,288550,164683,902139,953191,193795,864421,194644,822354,288129,416851,944459,329868,239231,506104,266409,720431,199015,37413,869247,284963,847164,723987,302031,615568,335642,913244,839796,541053,496248,796526,543121,936722,444585,903498,657982,273016,286404,791596,971762,404795,10373,439190,323345,68109,808165,714612,619356,103673,845477,579261,796617,327336,823922,604839,795959,838366,462856,720539,219987,163870,975604,243350,210922,801365,724558,76069,194897,749532,251321,156680,395228,967585,331184,875928,808611,418278,932281,42125,772959,693190,79291,470160,815997,48004,586055,661495,191766,93749,804644,932740,369165,573513,830790,218906,548410,589188,855855,600236,587494,156972,923981,95529,779256,26449,542255,545419,187433,960972,402204,738306,566621,865419,631576,554862,629388,4340,156031,292743,271617,364778,801198,724299,465671,442568,427354,528824,209908,607754,741321,577396,210724,620463,512142,674739,220434,121203,268984,946451,762659,206354,633058,541091,101135,292391,440224,759316,335074,702876,520605,280919,527111,822264,479290,671187,791609,12860,905531,732645,363838,615798,822385,834923,481818,704191,175363,884172,78707,419809,126998,400447,996709,476443,832095,546178,975613,378542,857287,351085,728538,219827,48180,722952,736881,238674,448743,943891,474633,329007,77030,297612,714325,273055,124819,823084,725212,818085,986270,265626,65308,177926,643324,570328,674721,942224,232936,963312,380071,769411,963726,397164,960361,813138,210476,727888,611679,767940,620858,300510,160854,993948,247392,682714,989856,315934,941233,327187,625257,888741,474334,661855,549884,404571,671661,573242,16438,821729,250580,583289,967078,187856,860338,265738,228430,769619,303726,699174,34222,507887,75143,799071,800160,136541,384967,921068,450992,848622,431634,69281,50184,532533,843965,622403,410030,663,605455,331921,503342,688116,281059,912647,412250,421347,715320,56309,821402,435644,296596,296440,818804,967193,682570,921967,665812,336995,381521,858335,919007,125880,666034,598638,911814,309617,432179,701149,980981,868779,695481,328580,102793,429924,277518,146222,775613,397007,489159,394506,445384,400337,593976,604732,326806,654147,511811,922470,311213,23331,150219,601019,115011,332971,164561,96546,937516,869741,492305,810107,144402,270858,523239,28029,889993,961436,495485,522151,827663,154465,287265,792339,346768,9127,812328,603103,152830,361870,614565,433127,295254,529979,533925,157509,152090,58881,534834,304961,375858,295295,570224,205244,853200,364609,29809,16914,720919,628434,931689,671254,41542,423256,476364,885320,720751,46673,599147,602272,121630,690712,265804,57133,938864,754551,796965,598002,46289,891818,762741,820959,45776,447924,85641,917454,426217,616629,16100,550223,132686,926246,220491,807465,938825,225397,962324,636770,340641,304555,361079,652826,679625,784641,315569,535692,19590,79949,417370,128271,469625,32162,971051,178445,965892,897773,458237,109144,382811,329974,399402,550430,17400,348154,418592,182366,198757,218500,192761,46397,278523,467361,594254,350728,925384,357936,963125,509729,291399,617290,718974,701517,251677,884655,333109,904505,4649,476296,754697,808001,275148,55041,134626,136131,566854,154383,102758,699259,480566,404887,206841,663225,433765,96007,103958,505283,449663,631708,442773,468094,109945,363832,353087,527608,209259,744515,155306,976971,277012,833216,995129,299988,422152,745497,293028,677608,51460,265992,953044,401076,881089,248885,147048,7075,426383,478713,558623,163627,281113,545169,246441,710103,767709,764518,987762,237114,49673,570949,609444,492533,398163,789886,927691,521333,37823,12929,617976,69276,71964,685210,676891,943388,211300,945126,409858,675560,812372,444061,937468,91105,627396,629835,246079,213340,530243,555425,762192,325436,861409,48044,777008,502902,935462,104295,827715,181443,745619,618967,336164,491334,164126,25066,587115,30102,230423,842939,225619,453993,861967,909403,485316,36930,41118,556138,819513,373457,891071,289992,833930,518359,170702,719463,530063,235635,316363,249673,969086,997824,142314,224245,875989,613365,795975,199679,82840,363616,359994,847258,20560,740060,439103,130710,338718,390167,875093,830014,567509,401058,673132,843724,34069,536571,498037,615098,806518,849883,658488,451706,99161,612330,500254,850306,658478,348935,636024,424113,306411,387396,743571,942495,540530,396965,370220,477938,792502,714983,502154,802446,47447,213977,435207,222528,413312,195570,218725,847073,794034,149749,246060,107485,439511,297640,586863,61446,818451,607152,429264,287889,996820,647617,719993,716695,215679,212364,712576,839129,256426,321347,690507,613138,533924,727293,103387,764054,265586,282209,9757,413642,640193,35902,309526,973016,40635,624076,914627,225528,773704,211224,225093,707073,945293,747523,549075,863734,830142,990224,776339,830719,174914,152547,641543,49413,573752,275889,956011,376000,474786,635195,562404,813335,874627,907419,252564,251466,82468,465939,656507,590443,645886,977811,263598,994031,189703,426433,957251,728633,451320,286333,767967,133887,308516,990143,806432,706818,913740,405632,65796,909093,961939,199881,289332,929637,480169,335818,529944,801790,509502,289293,932371,70969,34352,706791,639341,632511,656714,692213,415766,76847,907871,381387,130035,406564,994946,74574,683709,522007,784165,551936,116242,717291,763846,538411,817766,912059,408055,74682,222756,145648,162108,370156,694842,496261,156717,305323,663435,200139,974537,479933,742281,895850,300613,834458,72175,742697,81548,850625,922629,917926,385839,418574,365579,524205,574661,637605,206416,495608,383349,613718,172954,292120,578015,346412,744303,355832,815592,983389,310906,965447,360293,545461,139781,601476,891052,991901,454721,89255,728377,66413,926471,998103,365898,444078,365586,501810,36717,54600,176478,375095,420003,796315,553860,146372,880607,676432,558841,774302,709004,794298,631586,764401,778341,977020,647207,200337,270639,129054,414395,5328,172413,233537,269922,865890,858905,921049,276866,295075,930286,378464,66931,475869,349599,688226,210052,469775,367430,661555,167985,610940,7290,97993,928899,150452,60792,902409,885769,744348,277313,899052,3366,186530,741756,760062,649750,10400,835469,125744,626057,98579,46445,415849,967433,773142,219974,575147,139495,34945,421856,808678,780991,894515,503075,518638,581567,72042,779807,202426,902424,726133,117287,833012,458353,993466,777953,102162,437881,762956,784514,569846,382165,145023,150885,705432,607027,21464,329493,51136,787061,928741,220577,451716,581095,566369,935466,823924,168646,415729,926425,449414,188887,336735,895901,919174,489258,289973,834379,42305,29256,428794,887582,422418,941349,525408,727314,239584,428724,228191,425613,663124,936929,621125,194579,147935,649585,153212,874550,420576,214411,542074,674035,95902,276762,365827,18583,714519,514607,913453,854630,773136,712046,927631,717,765357,272593,216845,179552,772795,752941,910621,246491,768246,28321,272123,289113,87895,526817,471075,818179,48854,804481,883703,719234,492238,399723,239841,251058,373150,482713,480541,166076,378949,662073,30324,570702,76170,465708,853822,714056,817232,298948,781217,891896,254922,866469,718912,598898,389861,9992,551532,995120,311112,848574,757952,969551,234833,744489,931772,483615,189890,492442,431112,430213,673293,367002,402846,348136,345254,823516,973660,766180,954271,398262,464976,799072,720542,603814,162903,483134,557864,116680,327865,509645,379057,897257,339832,643821,123165,65541,128173,851480,358929,393411,388766,548379,804611,36165,609913,234604,874632,623813,917555,540708,481985,203573,584941,40373,534241,944240,711917,533029,379128,157729,208519,355691,350928,9472,139247,562840,95842,793978,10686,676916,231749,383418,812353,199219,382365,46825,782747,500752,471749,515297,703875,166046,991192,386767,478021,447048,350850,861787,945712,991494,812583,997987,894406,303801,747715,548576,633603,58320,575846,850388,947591,557359,232249,572113,723510,780088,810178,315810,263972,444378,905062,884404,772249,525544,93843,522501,673572,836933,714279,970659,633065,164879,309183,311792,636159,293706,766047,946586,226203,153296,814782,394947,353839,668775,849274,464082,381251,49959,38511,185325,272149,608538,476357,63557,291939,469993,988823,469,969918,919033,297394,696320,619005,561438,483450,970363,813519,482952,831269,961851,502105,745181,67981,334781,274017,554554,963796,472878,331184,8833,161587,254926,312092,43273,978109,668733,464659,355189,314114,972721,341462,708880,509619,888109,418969,310151,168107,456401,978892,389767,351454,65592,575693,20198,168986,60036,960314,684045,995185,601338,483662,593861,200819,634842,863303,916603,251543,637348,123605,871027,418429,193198,642886,755668,696553,633872,962848,783457,21836,556098,96261,674872,394728,828076,807635,112778,409805,211870,785335,604025,112164,800710,683801,167921,564048,786351,947556,231685,261759,126308,689267,468667,99971,204266,402065,588510,898939,49130,238295,229503,248495,135464,546819,191109,45671,481777,442387,311772,694350,719591,433694,157956,671265,854114,437184,412262,206025,667623,848311,844485,304529,418679,173876,921207,386476,267827,553084,394602,903147,403304,422314,188555,87446,651683,815162,433634,464610,419866,327594,987420,2492,308096,461590,322027,762377,266334,827600,892601,808119,975525,134627,987613,295825,830463,589138,757283,388981,308901,811646,80532,187155,982831,364669,480632,128207,415189,992433,190792,477499,317603,518717,388182,209785,724256,459982,136621,102656,931576,708517,162453,858268,528436,146562,134678,184908,120490,223221,422440,196601,559326,891542,467052,629346,397086,971428,797599,415711,107142,968831,882200,114597,804581,389077,639800,462293,690939,860262,36704,33205,29331,939052,122358,711096,518498,489008,378694,459778,501273,76878,493699,325350,803974,781549,525816,17456,487520,521617,643573,173879,385227,114692,780962,828863,800837,201918,940208,975642,376483,931003,28433,796441,515202,70439,665192,910534,834840,622813,311612,57654,717860,266515,292321,58068,559062,509138,967501,522179,507225,821540,522068,853762,400235,250138,44594,470984,56308,352762,6713,845475,368105,476764,401070,311843,694580,432395,615502,302445,491668,687949,926173,724673,106770,628093,330457,14413,994918,503160,592307,409136,406806,847342,114978,326106,796848,768517,213678,916946,884853,120441,354859,431003,439965,450927,142890,392580,948982,476632,571875,752305,422396,835935,499920,167136,873220,708964,458773,723290,204127,671212,732319,788447,759714,625395,137416,209208,677343,829202,189571,641762,880208,581609,70277,637285,674981,742329,77047,957391,249560,284830,278005,248537,110379,633655,282356,49500,234243,738768,777233,173812,776607,785698,477572,699301,1554,148011,533745,106291,802254,742127,169113,473027,159029,417969,439819,134689,42752,150907,458447,91073,976555,560333,170764,193277,292877,486033,157035,190635,641693,896645,493918,359951,661435,201404,136252,642433,901404,931848,865837,274829,821617,691622,223994,820297,194794,146455,290971,481495,186168,275545,11050,276215,416522,664512,766808,647034,944655,669993,845782,40203,5081,552891,435392,70224,493866,172060,940433,315840,510746,501184,126153,63012,186226,472807,121654,920463,625217,641021,17227,446694,129211,774392,679268,548616,695347,871422,96673,999324,260030,386353,528365,577065,398154,130992,410668,379910,445275,761984,824677,439105,108595,155058,745127,410948,125502,695540,956327,110285,331994,901834,180786,808427,21349,267650,492817,221975,242877,432391,78000,370048,622277,771507,796454,853860,924641,305564,270838,274343,554910,643687,441536,904326,865939,929771,180084,360742,357910,196831,83103,912155,228768,964262,685091,197390,957557,880429,558823,722276,246029,808017,617803,716709,123040,464776,879717,72832,460464,780199,316685,446191,106672,775763,419368,461654,637643,748130,273830,1794,66947,601078,277201,865532,457933,111776,268703,541752,978078,109770,99949,332898,590679,760517,50795,924809,156103,601127,859502,415363,503586,91476,553594,640356,453738,522103,279527,948309,699338,866517,403301,429130,602555,176448,512815,294634,945012,826640,186933,888883,846000,967437,779812,896751,527459,594360,94787,707717,288266,338493,662252,815552,282780,54611,178983,633192,773335,897761,318452,864167,426052,755702,578627,301773,669995,81289,88839,114373,18298,837750,831165,574624,986473,596453,849012,205684,185384,228691,907768,205626,239007,944773,537411,175263,522731,713058,727039,887398,462967,658020,1749,330792,982788,330628,383072,770016,44563,127131,381035,646749,34375,233118,944097,605501,922484,234576,418396,780409,940400,420423,722814,885263,558809,476487,30251,153984,803046,903631,146733,368877,248539,643996,112003,629327,67387,471259,744301,359178,401905,10863,772920,938971,181805,728813,88274,824001,887675,557922,680706,393011,196918,113524,636316,133223,978708,412771,174316,70221,658862,887040,656128,221039,36217,913176,647743,124790,330542,432922,138555,411613,326218,119590,462979,629623,44561,904258,204591,112004,329648,979028,689259,30657,405874,193412,564801,564145,831574,460403,725290,428011,510784,93556,936618,850428,812326,335978,543170,194716,376174,103656,989080,175710,346337,290883,265701,262335,552200,292894,979893,126838,721751,484595,105898,562734,91794,199877,358779,149804,965058,434349,536260,475597,996891,917494,668034,100836,338608,168627,585822,227491,872212,994789,899066,687354,249399,644899,738640,621204,636896,478675,491899,822214,252329,696095,784768,349668,98726,279388,474312,915940,58435,689233,699903,692100,703374,71453,515781,960684,248482,567507,107088,96522,935469,212350,493868,96969,578111,55036,579268,500493,537835,893683,635175,181970,431735,311355,773485,122524,585295,903530,846617,738415,847529,510511,774152,276323,758250,131440,420640,355210,729244,934478,800079,14925,592626,595724,527425,906426,716014,489100,521740,495932,295652,526200,190472,685498,251718,89215,129051,18078,277842,513593,554287,501007,419057,494708,332251,701028,268412,357690,721923,795836,60425,745773,597288,389930,33713,393942,409226,934306,863778,506026,763905,803363,911709,509996,148224,700536,270744,357763,621484,170176,772492,294340,612923,807421,174983,998703,227425,844944,418682,146569,351730,799087,280199,783271,691643,765207,576696,842823,834339,545164,543253,199108,578074,505028,548862,813675,27964,385859,773325,800031,771115,190566,420788,725951,861473,868667,604740,145260,86193,39019,204109,249882,843300,170779,510482,304336,685152,713746,884486,114309,172356,200629,186017,664301,826432,183398,442342,315723,535505,812008,387035,877261,712137,317325,330397,728212,346515,593783,521298,620184,840057,946538,446122,422743,102249,90733,335444,784147,524975,40668,914189,324272,365372,914437,64044,511869,513615,526490,202413,756430,135208,302596,139977,447401,68540,257625,267209,574382,200668,244001,499396,309425,618930,660460,834116,577935,85706,350601,772087,488465,929861,986635,732693,802313,402301,238061,674174,511269,128570,927877,984607,991089,262074,818741,376857,911508,993117,567110,380409,57495,790229,608272,53219,228571,754743,263979,486232,487979,469772,923191,196239,129138,462782,208533,590180,476780,886487,603237,614271,466067,280632,139700,179577,530522,890922,317575,982879,830531,155016,605931,572723,138911,234455,640495,822292,940598,340995,760259,283066,778238,887548,325272,730395,821073,856360,165804,328846,742893,195319,66649,960425,35410,514662,766270,292971,672099,54185,571330,772626,190854,214728,644606,10974,905779,984339,329760,395816,705516,8408,735778,713988,556259,187517,776102,826495,474052,122351,922218,484887,820979,879831,234985,767525,289408,440195,127888,386582,935137,102543,153391,247656,323883,131252,515611,740842,927282,991029,719927,737097,63435,717881,368539,421334,490420,659113,793239,536201,124585,441113,696338,586256,910236,899372,190278,1546,820429,709215,477144,875676,513837,564876,903195,842297,983231,586386,119411,1731,900687,437700,106407,377713,606606,960313,551693,435502,398750,459321,495096,332302,461669,356048,180209,633772,848068,863956,412527,690401,866383,427973,57370,834570,387234,140518,992316,866367,787563,260590,578147,654265,375408,95150,384020,895627,173427,371109,636363,668200,412496,60633,108202,351254,377568,68796,805143,813365,287144,688056,163292,746677,498466,795566,712974,214839,251443,43775,876225,330569,997892,887201,961145,708184,35044,245505,586254,741458,455010,726539,20097,733220,768784,684662,835617,500436,573392,103819,519865,401513,473714,920291,441813,641313,129705,588095,425307,430042,437538,302689,874146,757389,922517,959770,487977,243986,248479,849583,177383,845416,898773,408727,211354,785492,283706,504417,471855,398190,472615,476810,846755,95301,583081,648199,994378,662658,204023,695275,458387,148376,877916,583888,84797,568784,483766,687597,196458,141722,968779,201803,606380,59395,879369,747296,213916,889272,732229,834735,335313,925589,285668,71775,194169,980917,995885,15756,32539,665274,757170,537739,143893,164512,281225,813611,896272,472851,137914,829150,581968,611250,317391,788964,654945,423404,144280,272418,209353,890666,985414,401017,15922,782085,592241,49208,104136,894446,898577,960075,597828,425481,775972,844023,70541,941930,306266,513128,328949,215813,962923,864171,726726,730318,757884,288645,688486,67373,567189,10419,90601,93538,698836,203649,486125,731215,658616,153048,623058,502212,376584,481282,787693,817707,950910,981066,882094,677054,305835,585533,573896,24801,167574,554869,628665,960803,879255,276315,891721,893097,347053,258041,865099,721465,56837,435457,264455,322919,562332,885024,516368,936896,154743,701178,635434,170341,467915,838041,90580,200334,138756,860383,617773,631633,862686,506904,991278,341558,94527,89967,751267,976981,486793,743155,630550,766618,46624,72762,892730,381491,359340,114320,542149,757085,794301,727951,595961,548470,305643,339049,621545,119403,684946,750424,94584,164540,217423,960755,6480,796586,571002,613895,295248,482894,209683,192398,29155,262747,520217,15921,183260,604849,193781,189714,898884,21634,208563,649057,489457,370219,477926,949550,606762,820234,607890,394562,56232,695577,90379,273334,282958,555088,743200,650072,852491,698198,946016,846911,413953,330503,652421,11584,613007,376970,629178,838110,345620,568466,52238,144886,62574,360749,503566,691178,776267,923237,793930,198482,639260,956806,621174,144097,786461,416706,182067,137884,340043,402816,513100,270862,795637,395297,336864,756148,258734,402429,755968,677542,898183,135187,949100,675549,929576,451254,910485,787417,365977,490129,246233,821719,717819,995603,333741,481517,322080,552412,375906,263119,255064,711876,331165,908624,169780,596286,611858,435000,303698,255562,882019,178891,727552,40623,257116,537925,492283,838082,29719,26465,376281,911468,965247,188304,103464,549676,471560,83638,3165,371596,220209,246608,700249,419599,79293,391172,137449,32471,5136,787273,414080,106383,259067,408753,593079,748815,792802,5220,408538,353989,234585,996873,262626,11105,440795,809847,747447,167225,826466,89541,423759,826272,61964,565199,260640,218868,207966,464121,543598,888400,759009,477677,748163,682750,664450,214024,334572,166403,528955,514322,137093,675405,768561,114176,749497,497004,369965,411108,834694,36038,970105,750091,945275,512698,425983,87820,556164,135676,673458,594114,480907,99224,221613,770965,227576,343424,674127,120001,58094,447720,549271,797638,513359,111659,72263,211387,307056,365954,194202,612296,385696,640416,690768,314211,868495,394447,938005,848000,218492,715404,66902,828620,762305,954780,886465,804297,304186,811592,416142,378148,467442,894296,135182,42784,18041,151593,762014,899256,705041,408148,171827,610421,117968,582752,533545,689794,486129,6750,761939,171503,149634,744367,49671,270335,396334,406945,669430,629096,573330,302443,86945,165455,937701,151835,781688,614745,273252,131214,819663,845098,113123,573825,891718,262894,745432,502837,980735,30937,338882,644947,991856,672443,239801,155380,634171,180495,584590,75276,819618,692692,372381,108404,4726,499568,118641,793552,144499,31389,691613,481986,155865,390341,854781,240200,874591,342944,298795,690865,30649,142461,45397,245284,402839,630436,868608,744886,734260,890110,483566,95412,597396,29562,681013,618187,212894,345355,67973,633659,613682,70270,811895,940816,934195,31131,794871,341762,385024,819052,144885,672052,49595,697447,54311,912619,50592,281961,364978,114332,742192,645799,748140,888236,415022,700272,631322,690007,223114,81638,99664,27711,790078,123311,83352,289763,687359,710878,57867,859801,924313,270485,664767,702509,169701,300194,580386,42019,554639,477122,928895,899104,413634,310997,12037,550311,88861,691074,627872,283446,701967,972512,329081,806832,829503,133723,619743,436474,705420,450930,547377,842707,684418,734290,582111,441301,265895,323888,838444,968509,169513,632336,192188,419865,157642,388368,556074,501639,931183,316429,592721,54082,309071,344759,432873,885954,757683,74091,424502,536459,706597,328363,183839,98550,658057,685261,785418,792319,746675,905375,774853,801698,590747,422466,53956,58601,702067,194331,918521,608742,555431,661649,537751,662023,474769,662862,781872,233974,582555,974990,645698,859525,484327,976977,266434,123529,694294,364653,700739,276491,219574,627438,818774,948539,729338,860799,181927,119956,531630,496362,242711,956986,211389,334488,303461,86327,424857,818500,683132,732646,945464,294987,622055,734917,367575,605125,593479,510540,125239,845277,333227,172799,735275,656098,709984,814039,179984,887011,640039,650248,356690,926424,647560,423982,640567,673451,99412,937784,692379,463742,315980,117098,466719,777422,158263,823925,979653,733283,724354,334029,195007,366833,796117,458422,597954,589281,813971,365263,840312,428532,787910,42893,915759,86408,183803,832232,732764,318451,657610,938298,982310,381372,62249,919534,240725,191590,705281,329289,778424,936746,636516,371279,398824,443510,184334,890528,370940,950309,727271,399926,672190,17102,536879,153008,859130,335189,509515,591805,721143,148812,316646,742976,539437,667661,328403,770156,449670,543572,459502,882738,190041,944396,127091,732846,973968,760122,719340,107279,931608,995712,420001,521001,541355,746089,663339,308314,161457,193221,938147,273851,742649,484490,407205,27100,602313,353708,145651,175533,567496,30047,9943,854339,319551,913032,940090,164605,722117,179681,793259,419177,982925,241461,258005,863625,596498,381343,392543,4004,410655,79910,522222,181904,834838,588295,999170,588824,243255,158307,771942,583324,662994,432395,24990,141428,381747,95213,90299,349518,475705,97501,381926,119133,685881,958396,172494,976193,548735,859500,721423,505573,139579,402866,732508,244019,546596,12877,343957,483091,339838,479913,39823,198964,601141,334338,916972,437915,739169,793750,854738,660185,917879,816617,155384,440192,145071,592628,259687,349859,509070,906729,927428,250638,835962,484796,967496,39917,883756,537586,798114,522812,8868,313275,705459,383086,261110,723180,168425,658562,911058,771041,560523,459702,971079,703362,373045,227490,709982,921083,879824,434741,94608,892048,225253,871927,22734,694661,42980,535509,24577,886571,474048,70752,987603,764239,147962,511168,234017,214967,654560,300385,661820,955109,739528,361048,807374,914956,711446,581113,637985,950803,636713,619316,73355,420290,831492,292207,205766,844707,965599,18251,985057,91195,967711,132531,981452,752414,848404,907467,346226,52613,883399,573538,951073,616594,66535,350681,126475,366691,554552,373507,904888,579496,970294,716026,983880,738614,126937,969619,754040,231529,881669,799991,868895,828899,457800,534788,625400,8056,164407,659750,100053,68712,499254,433803,605805,679171,577973,397913,727462,330770,911261,770144,433940,933326,636057,789852,27045,71070,49009,283322,141101,587071,811992,889661,53122,961275,138786,846882,152782,340252,526471,239105,759485,441394,927651,86596,493361,103086,645386,682360,592064,389042,586040,36820,441316,542288,868080,458261,8955,879155,332860,21089,655426,831065,698281,847516,940515,66593,536637,346798,779555,37259,993403,328704,675527,449303,911300,725439,887988,597489,769582,583139,400486,804000,589826,400287,647703,326837,178343,75050,230818,416136,998270,522992,927142,470885,469839,373453,904817,929627,468638,300078,737589,755824,61670,528333,858143,935540,679604,446902,499085,366239,774506,498508,460288,525507,430776,655836,315630,130749,722412,330320,248481,699866,275896,590641,769579,582613,64553,701539,665997,798933,737767,511458,447936,662146,983660,162242,186437,573045,706571,132834,308292,858168,113339,56911,180510,971928,504158,290308,680206,108099,185218,849129,278115,896522,373151,844759,901025,648789,917341,745606,479149,826185,627454,621721,206798,155835,263968,61737,116617,884986,258600,323416,137868,255541,9176,42148,354388,18337,783463,536199,911980,293421,633471,222173,85786,657827,460940,54210,635209,866842,756629,241594,147289,943687,449144,82481,503879,933404,903289,754605,419945,693505,965520,632695,696191,46306,514461,334246,912125,36222,344195,549288,959431,871083,818131,945098,83407,292710,452382,68375,476410,576819,387337,453915,32003,507826,656784,114800,997537,926453,486013,748483,45737,850425,357659,315567,51003,768774,680048,239593,864161,279574,655553,137035,640425,196537,841954,509092,301980,261040,845942,511257,435236,633837,268774,334040,386965,826414,717138,986070,826183,798861,769988,761413,857861,16634,326847,637368,387095,720176,689463,541432,780737,146682,814870,108881,633249,683282,227387,919260,489494,919527,536329,302224,225828,984555,58695,383053,718691,656662,694401,56466,233329,795530,656295,479176,323850,553558,99880,819418,281672,825355,387236,834049,795428,60589,736731,663762,902300,231616,503773,281999,320499,741154,280505,332879,97806,834054,316942,597558,382893,894131,97315,402058,768730,96306,602636,304223,619929,702979,193870,413764,166052,210619,706028,437534,673818,528264,22122,400034,420406,328949,775927,782350,276613,519643,612631,548419,193565,153960,162195,279490,519433,398991,358097,487137,855401,458515,339264,698217,642670,269402,242359,234390,827322,349337,370631,382165,331088,664999,35195,789097,129411,923969,363431,152897,557117,173804,815493,575431,371069,141887,842443,935318,504547,849742,787491,85772,903373,927319,306367,802576,701929,414410,262510,937556,403332,357200,724528,17630,348636,363258,245427,692329,761679,216289,214448,723894,949729,255903,648148,736962,136155,665233,420140,511010,591777,834950,129868,763519,404266,576073,910687,762570,722076,478084,504581,354978,781054,50188,862300,82596,977607,273006,134405,713701,523410,795346,836274,774451,762906,533924,419849,55149,282673,881841,276851,415828,128610,933519,942248,313522,732355,208633,769713,784999,973744,759502,278463,594698,713642,154684,63829,205755,389631,192258,903624,798499,560729,726103,673569,608729,720998,697701,690127,579598,163944,42762,141731,49633,146516,715408,464903,712359,354149,92113,515164,589797,5018,14585,228565,250863,88101,827867,764407,596626,195195,653864,534117,294642,998836,589057,79392,578124,681033,397299,745029,585677,16830,520496,858732,139027,823424,516713,934904,612936,848443,571579,122818,126428,297517,562481,812001,852161,494806,698645,710691,897252,830747,269750,269335,634678,52500,692100,166605,178614,513593,715600,231699,819943,476610,333258,21058,882098,902612,250353,310097,682838,510835,601316,715243,19244,489609,785271,231629,610459,631938,612922,910438,760779,22897,709336,243576,641192,70253,582641,288389,143394,906439,447187,349211,196406,761097,461989,412196,940477,259032,448721,812513,591302,780465,313265,349319,380770,546414,324700,467256,284726,918900,888978,507847,691928,285436,94588,329351,24122,12847,368707,193670,124093,127168,804044,791949,207052,250015,785762,36322,973795,491622,19374,795889,535247,278712,461540,54677,983440,238480,660242,18686,58973,926070,496331,197721,199591,356461,469909,318557,12384,948732,789039,495083,169127,537347,411304,852269,824479,419045,504633,277245,460175,334287,152885,481825,635688,542614,85279,369515,913832,333373,916638,519959,254360,266292,523190,905154,108883,4910,16005,6332,687638,304434,220925,814181,459777,704506,409904,117637,671854,920134,807499,734038,329904,823187,618925,73770,676753,578420,867613,773272,689073,300088,486842,64971,326169,189095,273896,976631,965849,626728,881341,807202,234038,264970,422063,216750,67649,96400,966975,464493,859997,614580,925844,117698,879706,528018,139186,369968,174624,442829,313869,597646,955462,241007,569733,99638,986889,308754,809272,702024,9512,337045,87451,292743,485012,78935,767350,271671,121508,478944,614805,447052,214943,321805,745528,462269,53646,565036,938542,339694,985294,148587,275847,971485,351698,219982,474435,628437,246629,267344,318657,555884,348959,349129,201279,225462,22628,791814,626026,526290,270579,381805,141968,730869,801020,413539,323736,155210,787565,85688,681624,771404,398313,286080,753566,907248,599722,11672,688388,647960,853512,149349,113959,876870,899318,907622,162183,315859,118947,312241,297365,138135,170642,959661,897751,108926,400732,880499,993414,302470,935915,965096,482544,787573,701584,270325,908728,911873,626527,673993,177992,119141,394704,57131,664060,267039,636120,366236,9507,797739,142744,43696,225364,211642,806270,790466,288587,826887,184003,293752,24125,661745,69513,453005,809137,759425,4673,645957,4772,208381,275436,817524,692660,561719,304882,625285,514150,667606,839922,102531,412630,617637,204092,404281,117526,231505,137249,489520,494887,662765,407520,544290,893417,369335,907848,803594,591793,52922,365061,331736,369084,413334,626904,714609,490185,451746,344912,930066,754082,410412,942759,855820,281300,241031,101643,130077,926459,578751,965965,509021,805259,637153,63176,417805,20391,90527,958777,200866,775906,585684,257817,227123,137329,514398,92433,959019,941986,221691,926142,594796,530670,799961,14456,494118,195141,894464,467965,170047,153249,480733,937969,449734,163300,744426,500255,26975,844505,347026,499630,372123,874227,794781,825524,875207,353262,241964,322310,752226,720762,472748,353631,319728,633701,994002,474353,556483,384786,75749,732425,363289,312280,700098,360500,600892,988402,663718,300252,527525,588123,924802,182261,698229,237901,922847,464472,71239,71739,820253,544033,71071,132122,459168,774819,946483,520332,392656,760212,306709,17568,449583,790226,357365,263480,885862,258680,974044,980153,160211,174607,858772,175083,827425,987289,798983,680745,840435,663691,320202,367026,239423,296312,456350,770832,851699,176935,532174,245089,849174,207262,547034,792614,842389,500008,309995,951729,578704,316249,132330,845801,503025,886746,580290,791941,589678,629235,197245,654401,369706,960919,290746,528289,771814,202028,862325,321763,587620,311882,316221,835233,902489,877772,637745,348507,139309,731582,322230,266712,839032,534521,24674,630715,854363,600385,799916,637011,824239,975540,412120,196131,163414,686960,431992,932000,11521,936389,486078,379318,913813,273671,611256,265536,20110,948731,226845,956405,120086,912511,534285,943029,376067,462608,951707,149543,390926,314880,48095,171628,694327,169680,216166,66305,212917,428197,415425,969480,286444,934584,993060,217667,550944,759474,735172,609650,84767,260191,407819,986787,445384,764102,804158,251414,496898,843796,200148,833324,487423,28146,839907,575189,515917,400869,402689,350287,176259,965859,250462,549184,813961,281128,453804,792937,378515,580041,746241,751980,377603,507892,495754,861597,258964,721952,342422,843168,419345,147179,382564,991516,419568,600079,461338,43038,302038,282068,483138,280112,50885,978063,545379,871925,199894,134806,658896,55962,768049,470946,111048,749588,460113,50854,409699,921327,293380,60362,704501,483652,517266,747866,84833,271471,340018,713179,218468,69143,286276,296847,308569,40299,885073,189842,703337,477676,216382,56444,57644,577820,780446,263920,74259,693203,241959,648500,777215,273198,507773,597770,801026,238618,650531,344947,577109,277140,471570,262864,150404,331375,311939,594976,254976,774894,80367,569504,312884,319586,218773,873451,917768,786437,248740,585823,389546,791562,712191,318762,595758,917797,861579,265380,188810,284238,825150,637721,514633,538712,284417,314312,268747,313239,8492,360914,668578,769679,191644,483774,235430,190650,115679,176242,955843,89775,174621,694944,793665,443386,11461,673070,132551,598359,289326,169277,993610,940887,329319,966655,61233,403497,196416,868576,733063,116481,200831,694375,528891,459478,710768,42238,390132,585058,416145,171401,5684,854550,387305,845480,779771,230260,910536,423472,209572,635290,630858,654388,172680,768318,787717,785588,656962,669256,419430,768603,192123,917708,579970,821163,420315,84626,264844,198240,91594,705814,491977,550214,799285,759372,167540,243251,812942,713651,841730,947589,263664,604888,678838,5887,70840,713222,107482,151111,287323,446438,141797,396253,449952,418194,54370,16907,935532,356468,536454,752976,316098,13336,697146,499431,476564,146448,178117,599416,175082,490485,541937,162942,249522,889138,653378,694762,269898,418485,455735,86145,662517,120723,655391,850007,806390,259312,807402,167060,59035,313766,100317,355565,388829,338092,524006,383035,841815,944251,727684,419691,232404,909537,455555,507312,854487,759961,329205,399767,135554,348645,206521,664114,810353,15244,585780,812441,934729,840315,491510,423162,20884,541745,117051,269128,245022,716243,385177,290762,388089,607536,408842,305701,505934,935706,714917,555881,527817,652560,696715,769616,31961,300579,892714,661807,260272,588736,7820,895591,482364,770730,173153,793845,616355,9026,308482,289348,520045,127221,135368,223611,958440,213468,48284,974492,346101,308198,509103,348688,81569,53320,301194,346308,440218,371350,331412,642353,860070,985488,526497,73208,19519,727761,918195,686314,865877,586393,413517,63488,34774,255845,4280,396208,480412,250162,136157,772472,72069,753353,411349,452734,682276,54670,551669,846607,532606,136211,530933,968389,614633,517911,858764,456279,909005,409956,910419,743957,486295,996426,763215,720948,105088,371421,912394,941025,987830,334295,621035,409709,603491,865179,703166,89946,544130,1797,696231,499883,220240,766521,323517,590201,608306,503581,73416,909073,635884,687341,434975,529635,259901,711620,53061,445348,471647,362751,821620,792979,380802,715655,283845,674519,940407,996678,208699,433231,922415,350200,325099,224720,937669,202726,444430,773375,200241,538696,483997,500892,821611,672800,538369,204841,919591,159473,717373,100175,39903,927629,723753,912435,958995,849133,408369,886133,122498,826005,603295,294372,401219,693648,783697,359987,594432,361710,643897,324441,195997,333689,82241,760529,976428,158211,774279,843282,789701,35646,504285,697335,745971,588339,600970,456925,692406,818820,449048,132990,233789,420626,745945,176901,55290,461638,168400,708846,150723,725690,391199,284096,396860,540354,729972,657868,578061,117788,963173,42632,125582,713022,364824,93518,291738,999095,444132,153575,387533,608382,951465,925764,315313,193039,320919,187088,895223,565396,782431,103061,757396,725439,534312,384143,818563,655809,179116,579913,52876,312792,750989,507019,969891,693933,197993,524126,537673,559910,844923,173052,477885,422692,25620,950515,412527,36202,264931,653643,45744,576964,518330,195184,174359,795967,11212,660979,133039,7145,812497,955643,546555,245625,242741,513069,362810,359518,314732,678028,51975,75989,73470,385856,671018,329603,246627,274416,396446,678075,585284,696508,47077,388051,407221,760058,890363,96885,996425,603301,927132,651867,980969,59700,963654,919447,219103,951359,113100,568779,3653,842044,693910,248666,465664,936745,830835,649949,836232,259931,61570,612571,771439,715476,364477,643578,735145,845498,965894,951301,37306,175655,261081,312382,436613,554644,650493,631639,450964,393260,422367,695629,688690,181500,480407,442598,677496,422414,339721,703180,267494,624538,54463,209226,519363,826992,970296,742656,452665,646221,437018,442219,427599,553079,524952,807898,333357,329838,146760,22319,388783,548646,418754,310338,757570,661670,531177,468130,317881,548052,359738,715315,150302,780329,201340,23294,412330,787628,120628,403353,596004,472672,76907,528987,998365,535572,767513,288815,390694,269312,650959,83257,185708,286188,570664,893941,164977,860375,256470,206781,921399,847301,4702,751506,389503,90031,593124,50660,593852,626446,26054,369491,425890,151682,913359,355131,516753,859043,345277,322913,563554,50320,359870,460496,872066,687386,317523,857406,222055,799095,138509,401454,887615,48216,388793,284939,640041,271727,510194,909264,201884,780540,449083,947009,601288,416796,262420,992698,481562,475657,99404,853444,610522,987334,275377,859319,667509,78643,673853,484009,858801,86192,797158,978857,568839,415999,423323,94272,111500,51279,885927,374535,192538,775515,870166,713333,767952,134712,395825,181337,950733,208111,694943,932615,17718,959834,645693,458206,525948,599398,272411,491825,399350,939487,169955,78913,944855,896464,399705,107840,55843,731505,289930,89506,702988,453398,857200,599911,972963,57006,191886,63198,541524,491788,571893,54706,232489,112379,842909,278645,166886,728657,668385,943812,682149,553057,185390,137234,585520,643347,760978,140922,95796,815228,286362,674536,429931,921302,81492,266432,314811,620321,328795,953195,579511,401706,337900,795028,293890,965122,561826,412073,47670,957250,267090,987596,161385,784927,887292,804348,864389,546192,330390,588541,855474,838018,153070,326608,577984,288136,55231,849580,543261,532217,939295,633387,558062,823483,473506,186909,724544,923671,105574,862748,901781,830625,573159,446596,747713,837484,152462,955040,807832,918366,963218,247143,35920,854249,743264,556657,504631,472858,698517,818615,727991,158601,149433,316807,208847,538510,676556,346081,171211,64126,352036,14788,770485,246942,6097,289071,503416,591309,599674,650883,754351,322033,263045,25856,761010,405596,492842,437870,931539,638821,15752,917621,874838,632233,998968,766552,458540,120354,90721,793877,597688,329920,693346,890347,157889,340798,504612,44121,684870,730453,936747,561739,620045,163240,302612,327687,652101,636217,781660,903771,729000,127081,300661,491974,559001,779153,147399,819799,966446,444203,175592,422427,787073,212420,859326,182574,361025,282466,168287,296025,973567,395054,504878,437218,661155,724389,57457,199011,537742,896451,997363,683943,572198,937185,798201,138565,209699,753583,538048,821856,379878,115530,405791,266742,286294,104738,210675,534607,609972,429619,426784,972475,894624,405132,682992,26191,123800,610442,899312,797148,616310,186623,952915,753892,419940,621192,456572,811660,555608,807838,874455,374354,689732,798476,67188,379605,400945,823924,625820,900713,698342,743528,811034,442402,786007,891370,717553,200464,484895,726341,369250,862768,372107,40295,503221,289588,889817,864269,349273,797238,982391,915430,940267,592754,826045,270212,44261,585889,856694,46617,876206,820095,432992,843485,763615,859205,710322,613269,818943,581439,264969,676868,689172,788487,351401,928797,773719,854107,211384,226077,256900,396006,316554,935898,786500,156411,692576,272616,618905,357799,195757,241237,233176,98447,620541,182000,616617,166619,52629,411923,826517,939933,238371,365361,959088,204295,397375,762128,47616,968942,490137,740415,520636,332824,857916,825657,800871,922706,748581,639777,85315,600546,648265,443996,373216,282031,576933,709806,662435,29141,136949,4589,394377,50796,540398,277858,683729,56931,944177,9331,447442,111847,984139,781404,954709,108153,517291,168849,908329,685190,582368,417751,336226,307405,319516,970181,703570,848212,688889,835685,21893,12958,288544,481438,59846,929119,382940,547017,983570,66866,572613,855785,738786,640481,213307,239281,420820,449995,29197,793882,808912,732532,613691,693021,959157,996787,224604,729434,469822,131367,404041,793134,216243,95299,682185,846259,905499,54086,556157,609920,480538,599582,95949,341851,797803,684544,908637,185818,793836,66032,9662,531630,37546,448683,724803,714165,875166,890328,979872,509258,937861,757963,339054,648048,222518,620450,874054,842909,60153,681003,795799,45995,975001,795064,862793,438824,570171,550619,154729,49365,354888,772528,863369,677106,270434,702753,710805,228087,115895,457388,579523,152254,661246,821550,942623,679172,679610,944015,689758,912333,212416,458841,509621,791907,710015,61411,96650,996724,420096,21134,295352,103861,155573,757324,811917,316024,197760,426912,568904,656441,825906,722129,121887,887124,216291,255539,655878,233765,918756,709422,608662,152750,408728,898970,183642,562818,34571,728272,177388,183710,779485,971942,802545,66118,657773,522581,285894,667347,510247,307796,297843,20467,565687,778382,990357,22629,6971,775002,16315,72531,758993,701617,56705,914769,994217,352702,619478,707516,139322,776609,566671,274036,148634,896585,215301,115526,823890,754367,882673,770583,769152,671893,267742,515116,140478,868735,180435,677622,622244,34903,956924,626612,941596,789617,131877,611303,118126,343741,425089,758198,917958,533015,620921,262198,555113,544715,741701,482210,459333,18676,478167,554877,174970,929665,231281,5481,193157,175379,344939,393374,69892,338561,82175,125240,895004,945173,568032,723297,652972,565683,89723,748488,58590,716772,294922,180768,891554,134927,790236,85451,228710,577994,723862,598731,267621,646791,547865,437127,872240,312840,405082,792085,535379,763913,517152,343580,931751,866202,100353,241492,981597,829949,747732,172977,977030,992776,402155,728281,337783,304408,964109,578733,237402,846638,723175,383385,665203,255218,374880,443220,597011,902455,155392,919884,732250,980897,863192,792496,634350,901146,813648,393290,716299,96125,758395,99552,736862,171205,10900,593793,783863,391510,482052,744480,192643,994451,908994,428296,270050,449285,969065,375181,560329,323876,123838,200712,271612,301123,376843,147356,785906,129744,880989,442592,601863,911778,408317,735276,744562,808945,76255,481331,787111,900631,128374,416365,240925,983702,825270,112707,91788,866157,250591,469745,701789,809770,10766,147400,961802,315937,298651,544854,943034,152609,610384,67865,894826,567175,715867,844218,66003,172879,867590,368636,623908,601198,661711,396597,263941,31,27418,478227,439461,586849,693099,412484,320744,81678,468786,998022,50354,152531,817862,460935,407017,985246,793055,283274,114753,10742,539522,829236,506025,368503,397041,534657,288845,388762,857321,250863,44517,326455,455339,509279,850048,574372,821666,821575,479662,914275,308458,823143,41452,329000,376604,18955,571510,581120,617079,288819,119127,993368,356956,49074,814872,349593,218371,648237,885494,587747,128307,105769,498363,850932,12352,474843,553807,574000,703311,933669,671259,957978,510645,371950,957777,4081,292225,573312,855074,69727,11537,310572,56952,954902,826783,328408,401868,784029,92556,618559,239341,414373,980902,447498,544312,82956,132332,828911,324018,154957,235332,725834,218074,400246,985761,214515,639985,691291,967756,274976,872505,970473,309425,893215,661088,427517,432699,402325,643328,4439,186500,159634,173419,981827,810670,786349,961607,445536,418765,270734,830241,754013,234064,651814,945355,336312,845440,676160,731239,306208,596032,771028,891198,781527,244762,862984,874165,503839,807666,17646,249538,779034,439334,438336,178121,928932,185652,782573,281616,520760,473321,238976,643641,963402,63879,721943,13080,333846,440278,997571,555829,969333,536074,601374,46716,438417,935351,677751,696560,841887,133391,572053,388044,40953,78921,804077,926408,328224,841418,606503,685685,475454,836116,663473,451808,756911,947746,514826,711481,802458,140927,974553,434288,938084,470092,635383,47104,188197,308944,597470,669575,73343,318115,107165,783886,626024,576491,210219,669237,539603,930891,880508,271184,648216,797235,3280,327667,776107,99073,797536,749925,262042,480238,983723,644425,27788,880363,441444,374500,311777,122933,656455,821335,734488,766765,383271,175352,649461,26030,526152,394027,589604,141172,720196,212139,673116,250896,710741,771405,757918,882995,798628,760259,522684,801020,975933,356286,290608,432511,961238,774953,534053,460838,972176,759950,863993,706041,249120,321090,991651,709013,88366,344269,159179,527969,703997,534399,260545,628105,421296,597344,229281,172137,31248,998450,970151,189784,856594,671875,751790,668749,137156,413369,574794,153153,105999,722932,659777,888953,89995,943156,563848,476085,29466,871190,601283,551272,561939,484459,249369,536563,122916,86939,879040,22576,472713,215026,164998,480067,659384,557683,431984,608459,206596,129368,780091,784580,45545,837886,971758,718661,985520,208834,167143,189609,534110,34179,749168,754400,248147,814202,469028,416626,878903,727267,1055,345723,224870,37226,556453,845536,415254,913049,662367,375021,380589,151223,341049,452408,718718,579343,523125,369992,175594,60793,992689,703241,214355,582583,778604,639426,301334,564743,832428,109775,916935,214283,286261,431036,711960,283218,450787,438771,317847,595349,101243,550460,168211,741444,179959,503214,285176,77637,55921,499767,813179,757606,222816,38388,383796,291384,641471,447769,142916,810812,776536,289689,690349,918532,342454,837871,364889,211879,976449,625584,888844,252103,349366,258745,360686,807222,537925,122086,341240,952723,846161,346020,527070,739917,367659,984056,638205,361532,336505,245512,898807,68476,12194,633980,506355,448655,380301,480167,746969,399170,937348,397974,289295,598333,568942,920872,155329,580870,676316,664943,196315,200337,43169,233755,487678,998800,995736,157650,382404,49920,545868,661826,752952,57419,565053,825880,692910,121620,234317,326797,291889,806624,435756,164719,654571,414739,896504,127178,907670,880124,53037,484709,749894,381783,236199,975659,997262,177011,903071,339336,73646,431404,381108,959799,942907,541864,303694,771948,309950,10110,923891,90631,472276,805617,810221,957500,673560,499853,285035,858866,46887,958010,301986,491616,816251,155240,32294,696956,632624,564344,475469,133224,78403,840410,202597,209757,3889,325963,62454,3243,758354,713817,2464,824081,995673,594390,829520,184710,992261,926671,420972,500100,957116,480479,534341,826214,435609,714204,365427,683469,337620,236719,696990,185342,258667,982500,790184,541951,557873,899120,160955,381690,911180,791657,373327,515583,297242,534071,998598,6809,946978,727067,744166,430419,181890,714188,662908,190332,947860,934308,436547,331934,746027,95961,127094,635579,58451,196607,650066,27457,499505,203012,137923,418421,973430,81648,690098,880214,916049,133177,118647,596759,511276,345745,921500,949724,307021,396099,399517,923048,622782,41189,677171,977483,641379,419964,276021,622031,889964,132714,516284,191904,117618,488209,903187,84497,323357,610805,660789,501140,394856,38025,789622,137537,585887,132299,21118,330393,534036,285669,490692,642329,67508,829571,395462,232565,637525,651761,931700,292281,408877,120021,753942,699980,416358,953208,608185,804212,948867,721550,476149,835125,833089,72503,127673,270857,855998,351521,232074,858669,839977,584838,722473,590127,260790,756617,770903,406284,556154,646455,745019,998582,550954,451546,503242,116473,379503,44825,201252,622311,500207,767610,7872,895477,313923,94814,30326,843372,485549,207482,349000,104836,218788,504948,367943,178571,515210,823123,532244,123044,77799,713519,921885,581290,555615,631169,857401,558991,662923,932964,473794,215203,278820,542610,818791,167251,915475,944719,690799,425014,45667,591087,762212,539809,101424,207061,239117,502316,561091,67118,739945,187467,695189,372311,995103,376428,983147,596221,804633,771251,381762,748038,825090,694093,695429,495405,57663,12488,510016,130380,527845,869359,163807,298798,564948,344328,220137,4945,515224,726410,554966,793496,302806,901895,231230,120121,25961,379276,391515,18804,814429,677428,999822,385879,949532,657816,352834,588022,363453,974843,474590,657858,352934,25522,346681,929741,904362,825876,132027,714704,820800,927574,867148,914629,19614,731639,350617,776302,390485,910891,843520,810432,976150,124735,764287,709389,786071,756491,776667,796308,952313,955990,511179,697143,633948,369674,3008,422757,908492,617073,703809,72929,426402,770426,341474,163061,614750,621665,135751,149405,493520,383517,450714,690689,654722,972724,206746,94606,929688,114850,7809,301839,258950,349365,939440,414036,748742,352501,365073,52379,97047,362455,274562,646601,696867,871474,57860,925135,540577,69709,473904,928320,366516,857906,819453,626290,865661,742841,480025,707180,913974,188066,35756,837327,699235,713342,875586,524405,705621,831738,920689,494181,21126,234209,443009,250062,618556,133352,918644,629196,851964,787526,535191,847543,205894,536434,310885,658328,107104,867854,865734,582727,304466,918172,521319,919250,518927,290419,34240,439289,695488,436354,822015,442515,307837,424100,590939,686045,872245,271017,328750,264015,350521,85685,374064,734717,682185,537325,884736,87259,814303,570856,234107,649176,659596,692954,294938,696885,55617,469527,557683,966407,787992,560354,29843,73988,665837,907770,547158,756405,617409,906033,258089,491427,692983,648222,105390,254081,917018,317496,411471,966127,909491,913320,571873,514126,933660,788248,126800,145021,481130,842508,178890,728309,928774,270388,638537,683715,380346,452888,747913,94342,267762,855615,441181,822479,546542,913607,772219,62252,242837,800564,314669,59941,763513,535324,745868,80006,355532,983068,582233,997804,902443,250075,794819,638979,574088,511481,209844,147370,550730,844071,823058,183776,984091,423711,538302,549762,185659,136105,958122,754230,705144,834877,893146,410023,471798,519793,604151,1316,586925,530271,305192,602882,564445,907616,737160,411530,638710,816159,594398,466229,82520,356445,875500,404441,696611,588202,282556,716859,435196,956916,197190,48866,318350,109814,964373,786290,131945,614453,220435,410728,631346,365409,12184,970787,590147,995213,306164,129147,103853,285357,247316,1132,703325,383029,688700,54795,171205,993714,175389,431062,895659,198973,570090,85945,796372,813393,415514,562054,424407,774644,182640,773150,340595,167765,390363,6722,461471,954758,85712,394099,712291,304338,366669,520505,304557,603946,795169,768548,686179,687817,505084,362440,427707,910696,490029,720492,42308,27557,544501,894723,732923,933409,752880,866224,276799,637022,526659,210473,136095,244259,518105,338977,170994,761764,662734,156105,270381,709893,316566,161566,365882,471855,273970,764189,267255,918332,659828,616249,137927,660493,747873,373984,224968,291064,730307,381355,884229,774866,214365,528845,802857,250659,134521,195728,865996,661195,257197,666460,983162,338404,120012,816129,308942,950583,349509,798765,272799,41926,890731,11121,689746,314142,570885,685906,833706,159307,148467,615701,872587,774621,152899,470971,729555,917970,269766,764774,94741,770608,869014,677452,539036,804483,649436,318397,47590,652136,619042,490806,922296,427531,209281,375392,825377,102537,302486,156114,472162,510338,338748,304868,746445,483058,939957,525991,752593,516196,123224,602954,784344,326848,181818,253370,63557,221911,765494,268645,423762,76718,430080,658147,43439,527544,562260,158483,51595,748352,389852,143920,794385,575226,661956,868470,730020,473405,896715,714796,700634,356662,799854,981889,299907,779958,699196,56836,540077,91517,298448,376501,666818,886912,994573,304891,320949,770135,179447,697707,89160,617096,529759,734044,965541,987601,332872,580283,191459,932745,35024,206567,629450,496285,515440,898879,301352,331480,665458,941024,633071,713827,229813,913362,683329,976121,10377,701378,303814,562008,767191,173472,144609,371390,122777,752922,336372,508684,5359,516527,247229,815526,121916,34404,303134,146579,550690,690394,305718,61544,484151,745786,386155,430693,730374,533922,149679,917366,854511,555100,850283,854198,573124,122204,944581,893624,776773,40041,230385,300373,97434,47628,301827,126731,2725,553354,622237,600759,309175,371337,342489,178955,678338,950016,790956,633366,792707,909636,873248,286227,327232,599833,613789,558138,601926,676686,902022,930393,737999,167217,249640,482262,254472,756688,553756,32119,447382,413135,685495,475898,347631,939758,106399,107478,845562,92701,280960,720182,97136,16808,795121,260086,530853,254893,776683,811887,208876,673870,558810,707024,783461,147660,566324,796697,244139,183218,610804,26454,187914,97643,154239,591477,455500,918563,882321,627120,499440,639526,180046,529712,530602,677962,286683,82599,293806,465920,327588,489024,875406,145509,575434,73356,564478,437239,655499,806624,197650,299833,769812,796785,922277,989359,697623,390724,886842,550826,865631,332930,922167,716946,884655,764384,619864,149687,549119,406100,153970,428763,912889,133592,80929,486022,175506,505641,84649,404957,538837,750271,106011,686055,393662,687223,932614,684220,415616,578874,874440,299811,202170,71932,731304,260416,383070,13205,291461,733808,968659,323162,802367,415869,870420,480673,587523,208501,834368,70467,749443,450676,870964,665193,474928,84012,793920,675878,406634,55733,671463,418748,612826,631812,627907,999987,271532,584783,973301,949083,564365,323227,439702,658229,487226,207874,486798,146955,654009,549509,455738,523889,593789,726585,833661,833136,135150,766636,994073,110248,875289,33164,157393,616376,775589,722149,269579,959045,822123,17665,575402,352787,582043,470985,17131,56724,760191,863417,376524,289161,776124,544733,21664,518926,987282,140727,189629,210565,740328,263258,651597,539637,280675,729807,151150,976624,178011,586481,209725,597470,250836,36967,275049,269948,275962,215830,162057,609803,249213,856766,986714,100197,865724,482545,401230,161036,708072,296956,650562,338939,806493,322857,613207,77831,487909,531916,412078,990206,152857,698322,730352,413556,707116,671950,279289,853267,594851,425554,915705,434290,739408,240058,88554,28531,735408,946590,984021,720051,861533,764632,890422,394959,661404,788502,372976,961791,848424,141406,139669,845736,640015,864759,657347,413332,588294,731454,477193,63380,413734,303440,344701,626756,377660,734818,301371,140963,563530,218625,91483,514381,651989,630796,36744,339225,745117,977902,974089,594925,532105,331849,457193,701370,432763,676813,136716,706756,603313,278141,762397,797506,229307,28756,996339,303633,385839,658654,517879,172836,649648,816115,119380,131460,602780,983904,351694,236093,136110,77735,594923,382248,776178,403128,896576,405579,294766,622318,716035,29347,994672,566,317568,358206,166220,143459,456187,596761,396881,989335,843474,45363,718719,396452,992793,266309,950828,772257,60489,616471,641735,44355,777296,754865,734966,417003,563032,12498,107159,538216,559077,652842,89263,217413,583656,736681,91670,519454,147142,224602,626596,330489,444826,321392,441271,522998,889329,293094,646031,351441,327510,721542,546187,35074,48566,669128,790181,708102,334654,37151,486198,79274,663891,434055,776680,576433,628995,510600,703482,642784,273256,75946,363553,300876,210816,51961,891690,780466,181219,144678,136455,933612,925871,62608,36768,549442,953048,180586,218701,93617,923603,760978,724474,817709,913872,713634,600898,183880,844907,720135,667830,153879,951138,513247,18545,674615,698809,915944,924021,165072,319156,83002,122206,418191,513555,750746,700434,334725,692546,864191,333582,588821,498177,607673,297768,797199,354975,517829,472130,448747,956225,69319,567476,507786,67199,707881,137842,18753,322269,384165,335730,944071,828759,859809,538651,127597,959315,989834,445870,448522,792103,200378,682591,743594,924157,584899,184495,812433,107363,115887,337562,126061,692098,972633,294889,241621,160933,216603,559129,891744,288490,222993,547819,225853,476993,991931,413879,574376,226846,522192,335864,933226,680975,766431,563480,845307,118509,890971,909414,111021,223017,991152,402006,167080,202264,424289,694442,952536,123335,526706,126557,791935,767618,796201,413725,577724,312152,90314,650572,342172,164523,749357,345753,624446,759960,55994,426977,577357,661532,673128,223747,843212,585270,766029,404728,258824,491502,185161,637000,782099,125755,572650,621162,976326,223675,493416,790265,845081,753120,975916,565659,63793,166292,319769,576854,743200,378732,974127,604047,96718,166285,610882,371243,637295,760006,419295,882289,521638,610188,23317,96924,972146,620146,265587,21168,943268,949783,668914,305590,672287,693145,942315,200218,895332,587633,301940,930018,598481,581498,415341,786022,311376,751477,228800,579645,706210,252544,995059,387435,703467,803070,222010,967683,362387,403165,733236,758168,27798,505736,619317,585486,136545,359189,114550,26402,794718,601216,657572,974917,57781,541959,397735,530282,974625,617019,686002,905789,618099,270180,119239,662932,999875,439850,995879,912122,329992,134047,384949,516431,891641,653939,241243,387852,822208,973257,227239,573284,789435,833599,477455,21573,185962,963986,341926,350586,24899,39820,579916,797242,268196,463622,8892,959690,231961,255933,554341,373621,62453,239617,280390,682369,995929,485167,848410,830096,539218,273947,824985,372951,54612,638988,815304,442193,434239,846466,318057,123979,109912,963789,339030,151705,990322,902131,78934,384631,978108,720201,665753,154070,840774,537324,127511,449595,841592,913291,96001,421602,489324,118369,553670,705455,628398,273117,991945,548635,43664,327936,264728,550361,114887,318621,946473,663584,338204,164114,493200,402878,632253,759768,1093,261215,41943,112378,650043,859884,556262,35712,49274,853310,608942,714250,261050,606108,24509,493856,520551,963469,752175,668429,26569,933826,483899,766280,303688,991883,460406,361806,167086,236799,894055,407479,263168,534861,566220,869490,372617,855801,242929,110038,410336,146291,102936,933185,516607,920157,869646,956890,844714,157340,956334,706965,136824,296269,413476,893401,388935,178509,377276,820346,727650,130491,51328,175498,719773,790691,877471,360575,676420,5963,120097,454834,986837,663348,934314,140054,416600,396224,759252,32516,83238,481012,33234,924088,138383,729680,158820,391865,896962,666736,463163,930262,963539,310034,583239,327083,52680,727787,401244,273600,860432,586723,185962,903982,962605,596155,796977,560333,762384,537380,960969,831759,606687,134720,545370,62474,991122,689176,27689,790553,928276,990448,664130,369646,612156,957597,687467,868800,679008,123583,396027,47820,734444,468439,362174,476875,184069,263676,483898,995946,142153,511616,93734,987353,753091,51069,436149,688957,690620,781110,427574,225898,180936,863200,264109,263279,62238,399720,942836,250322,845540,66992,473063,618316,505682,395686,370568,552251,970436,643330,212502,954544,343120,581685,73867,460180,688955,942671,172441,771060,283906,219692,957764,784023,157051,823370,833478,803434,57217,169982,692901,230956,786267,356192,375940,636748,16262,147891,26913,681150,127286,998588,980055,561889,316293,445414,250839,741448,487010,171102,506701,65103,954624,28013,981290,389481,663448,51743,573833,967727,977553,993181,65453,859303,141901,135919,507752,577871,300794,60333,461889,987971,389777,374661,239293,276317,504752,572768,925517,454134,925019,170419,198073,115566,118290,239426,442074,27014,422894,710628,910968,393553,257160,351996,278338,450752,593000,778561,35178,765526,236088,464552,140297,193111,120156,9723,167694,596488,628080,994367,398277,690980,977666,713429,736289,327494,6496,41617,874575,304103,56005,871627,628304,168525,800473,377367,409416,831355,164795,590589,762043,502215,166161,505933,208358,175135,858871,898612,560002,562818,676919,950335,540202,200279,981115,574579,630042,286021,212747,688300,484931,618511,196912,30026,154341,580878,509928,359613,679296,960995,813270,975980,254419,455271,14354,787871,763237,193633,2139,227508,657463,516859,150408,683485,267396,143905,534756,702096,820010,350029,727798,632943,187344,403308,577459,405980,373149,275270,118788,299455,580948,32148,42153,366395,118038,266937,13071,246119,317259,659039,872513,312464,706003,542887,861764,151025,321178,389581,437059,752442,739866,807398,715960,37414,169562,270398,966805,98303,941166,562491,835819,166607,686577,67364,153704,583358,905399,301561,737830,926651,846647,443363,519565,558018,453997,650737,82257,841424,51460,868004,205065,998054,401157,129170,845058,282245,707153,193865,890619,366350,96258,490683,745343,295046,357342,958805,137628,609454,311374,781909,549202,759405,764682,992673,366533,994187,553590,385706,320446,712732,322744,41874,495205,177918,718790,964087,977850,550843,921343,739331,360706,440586,663193,139441,743452,916143,235271,295241,818007,929248,335626,303313,136614,176927,937841,523069,709495,869718,234339,582557,947611,670286,801413,817781,152019,541013,999267,293511,931701,147881,581033,606639,438736,66454,271895,72120,672203,776682,805168,216697,618094,826389,769178,802543,739657,466162,435804,735829,246157,153118,310561,687601,759451,328156,824035,609935,154391,346952,829659,190503,387769,736424,546099,638466,809316,275214,116063,678495,862404,361435,673080,668546,192070,59324,639317,10669,947256,113039,451645,747746,289037,521079,158925,696853,346800,396310,899581,196506,814295,713792,398817,683438,501771,470053,466492,508133,336908,481027,538796,261209,512289,454729,539249,667108,935630,717820,687398,711436,277790,187380,178427,743217,366838,734732,802276,233066,685546,71840,618223,238298,569117,389203,926202,346634,850763,165204,896551,753211,140823,656361,804042,687211,462959,575341,799268,139595,823365,801228,130874,765002,456550,64573,390801,746870,629964,769201,81856,225352,241350,389994,295716,218781,237380,594866,436175,853174,665543,143038,129688,215648,389383,604824,762700,8518,549869,142562,941186,301753,722918,691984,733194,147642,612707,414192,630812,794426,20960,195173,402538,540893,511815,229486,259792,220310,343748,954143,203461,637500,526001,28648,602001,944309,497421,369509,275997,397980,316582,589191,959792,852143,858734,129830,67160,371140,936282,588587,128361,115713,110258,413078,962536,129346,84494,440171,59253,58254,648943,179515,17004,118931,324830,801311,835359,876370,909227,924616,464343,175000,99677,930738,149198,152093,424048,682749,40159,571794,977511,408547,44695,415852,588099,285041,293659,617333,966816,517566,511032,608472,712132,65530,481362,577432,269093,379100,486559,455787,755285,203246,462339,654902,190487,514253,795097,380471,69956,475893,923254,548105,348000,259361,963047,691927,842767,269530,539801,766710,749341,187203,55972,516709,141927,124797,233755,455694,255320,778203,18867,346277,237562,406292,324280,306171,527896,644052,566756,885490,111684,695482,290077,255901,236562,810811,735711,743821,911331,780,22131,262613,647911,282391,633008,530233,777115,999763,444470,919165,225987,596104,126920,417359,131924,692476,741971,180331,284336,312611,244191,56847,155860,969193,384472,516145,27020,256501,471758,196905,189339,491737,883192,846628,340927,877070,884038,277797,431026,180971,114913,655532,669631,709402,906515,247110,223519,180352,409118,572324,848041,177310,238549,107532,327000,388194,918987,533883,820130,252471,9999,500734,750024,965062,338614,750983,907780,185459,64796,692802,832997,275497,1972,454682,203414,977472,216032,12003,712847,205111,660220,640176,754945,186853,766156,233200,777687,762185,359538,51162,727921,321485,120962,141263,274727,451554,923847,153758,89553,104150,801462,269905,118525,587073,929639,456505,497582,215012,770571,188998,711799,154493,154716,816432,72365,524138,478129,577449,744586,35016,908720,599677,117359,778024,985570,137231,495032,549029,915477,38559,163851,779454,643564,456413,857860,290714,868737,904127,551239,335598,152042,815415,613470,216492,46127,457784,869938,636970,655594,3314,273897,450988,954041,710390,265554,579839,977343,733374,70237,49046,911,575338,52220,227274,234393,503437,928501,727719,555186,586140,389152,690487,726753,772939,793903,362385,772282,813807,602655,558860,830401,716316,584384,740406,934810,901992,360161,618372,182654,319748,272062,554467,838898,545058,858846,95104,795326,853109,830767,753952,235417,384115,366860,571321,270667,576946,711703,36768,518627,617799,154001,248222,410927,695306,930444,800452,289287,519170,593279,824260,418695,538318,941866,249611,723144,664604,233623,370268,623886,697676,453032,478304,351992,233091,669984,219883,171602,391737,490585,958846,74324,974711,164964,666554,750011,240963,960838,308690,177275,288164,428420,743978,23641,372626,945914,562684,662411,342642,697232,201403,764193,248802,116116,590172,600082,219241,169721,405297,315581,955011,452376,727524,741895,856077,404922,563057,579523,779109,559951,748863,206661,53833,544864,5909,880771,285686,898211,486663,971399,959627,20393,157810,912301,383095,766689,522758,941163,233526,752692,911033,214196,886369,869899,865732,570132,766810,535215,532321,237068,18681,153215,296524,532755,526134,173311,312828,580966,457271,289299,327916,83596,118627,46941,514827,788986,194498,221520,896954,447664,802953,910093,99684,1488,556301,722284,575595,467242,983158,734940,93529,846047,756664,62158,299973,247163,471136,763781,19945,965093,88901,681452,259897,899920,663360,877303,313094,460018,420693,870448,873679,545086,503475,791474,590623,32562,539138,933890,233228,71315,767082,4854,851508,246166,713365,20856,584418,201031,834170,352298,559115,549783,638089,823621,66526,788886,66764,331985,202535,703473,76867,468330,578357,106738,441363,655521,733495,556651,938243,713971,465880,421776,825753,541829,607481,686437,428668,903247,955769,449925,832113,140684,138186,86141,943459,707257,771788,353729,479361,253014,225468,98251,780902,313539,706719,120569,186361,428445,197172,317307,586712,453110,358630,604289,833011,755233,986378,315898,286678,42106,868916,672827,169449,572369,88784,222375,796490,442380,442918,497200,2204,558661,28244,620311,977285,859876,173410,229428,986259,719774,589952,303560,287747,458979,43480,445150,312411,344,494246,350193,461641,284053,452980,958888,656463,470396,609227,438833,938214,609877,518875,12458,199068,994346,590757,256921,943542,678723,873892,861599,934807,325510,152502,334795,760425,560147,691171,50164,961121,149013,159696,537996,838153,460170,177624,172008,29663,818708,612639,793705,924991,381052,454034,446176,574005,850089,855896,290570,149387,289672,609399,784308,12305,726301,92816,632553,32075,355968,396551,302932,78144,653434,446181,283911,703826,899057,770381,736562,48688,865454,34182,804576,459812,775763,461083,616466,607610,823872,910667,689764,166874,406372,76501,316213,649801,773774,995458,199937,749755,614563,283588,208150,847520,169236,166601,750099,604494,689784,623223,552127,964399,908188,170486,956870,651613,222549,656042,602242,851144,902208,318461,919064,882760,704924,630738,131688,583687,662080,878944,775643,636910,277381,278026,278878,158665,551835,497423,631926,732788,201769,157771,792662,849934,751866,358520,409684,692978,915815,742727,570264,885814,328846,544740,707937,881095,24920,316023,31228,576523,862293,58591,247009,420890,864243,393502,259838,134478,166524,164621,31175,168354,573805,366562,172809,499603,156801,9521,317241,573010,300943,211514,198845,610259,95670,442028,883727,543075,233345,634762,92376,175818,694311,993931,894938,291345,739574,327995,655039,279632,977222,430698,708765,321425,143173,899955,443440,995850,217880,810715,313653,602601,764133,124745,92504,712403,160136,852032,150551,484898,558986,357148,195780,811162,884771,376628,120379,60551,452321,28784,604211,137923,29493,657835,591964,740531,411810,52734,786565,949532,549989,586052,677051,819530,430025,393332,499436,367557,367133,292425,248864,202840,507765,275820,987506,911162,358675,85782,89562,549647,158631,703639,468444,231852,76626,84697,103116,985069,263657,845293,725882,429905,221476,295789,227010,641911,568062,392959,76732,830706,922120,21144,280661,524111,994159,363168,348756,658881,852374,944357,197197,212419,726208,834099,482317,236286,977179,24805,395230,44449,416454,900302,281600,25767,180726,646829,648346,279470,957852,252571,864903,66703,161373,113194,783211,643234,77020,798430,26892,799607,121101,994739,483297,43080,192137,674285,312324,535412,411650,422946,850148,120735,196692,216131,838681,756023,538050,588425,839954,409389,45580,153710,661982,658103,839550,473995,528720,78548,413890,235181,377112,576726,912380,915673,378799,595195,527915,311342,826634,192345,172268,955126,944678,30321,838118,879813,956550,374326,352300,349466,715584,135352,346151,451260,980598,410742,542737,132373,728188,259389,804323,514950,530115,306583,781568,971088,907434,673001,730050,43417,228993,589466,891134,975228,686574,555066,485843,205301,68170,374601,973275,229122,400108,321533,442644,926059,296793,318962,200608,650167,110784,928932,972727,176449,313538,750962,575703,955440,268088,615279,695986,747293,17093,681426,158794,62400,829393,911216,442973,612177,73211,653558,81417,757924,476490,440498,655903,273755,898871,362743,250129,570460,981284,910162,600372,398439,290149,465564,9826,904033,37448,514052,873403,411395,355251,87964,208766,776423,764952,475752,114957,46594,484179,295743,43931,43503,952810,272304,898039,264107,853651,542713,516359,174162,960805,404640,326220,977897,407002,406568,756185,136640,994419,22430,816709,941677,330139,366469,54870,745989,214892,90962,746911,464470,682685,448717,242936,618928,755001,349355,892376,449599,329939,963938,866868,744973,90397,642330,959599,902716,869774,863787,72710,526211,84257,47342,636729,560630,928110,801733,443352,881355,969185,955411,238850,260784,614257,232456,674363,877062,934066,173261,711481,657368,30881,618473,457240,589177,308590,145820,726245,38736,961669,563659,266828,446013,133835,523481,897629,11641,216665,742292,851271,466022,966291,432633,326514,592789,73983,837481,388568,706542,467653,301374,219867,954766,180536,827562,783015,307143,578418,406993,890226,974985,875045,55840,762906,595677,830414,239850,618152,671340,336173,571020,132797,249515,949337,124384,162894,102260,560549,71171,688052,838127,578067,923236,872167,715943,218116,556432,295263,899136,435388,199661,335985,885186,576045,595155,398876,164088,632149,914752,110423,824520,568535,431312,914009,361411,729611,698637,642064,147525,258295,931952,752255,909642,346552,716111,392916,895988,477591,519823,115940,361811,737501,778513,844354,970012,859436,477307,372585,840313,133800,645444,570940,690642,412592,294656,594697,888557,709836,789391,358853,314713,726086,844485,182890,823893,212978,755582,621471,872806,771576,894540,529377,296299,689217,236893,640083,831133,860387,444112,302158,40041,842956,767574,526631,811990,686097,122481,629897,873191,782520,626939,587574,244264,650351,140739,740452,691023,154151,929105,574521,298334,530969,624220,462573,515706,319360,43444,938046,801021,238278,68283,79767,520110,193909,152074,37311,562233,699552,226908,423728,29253,923313,635043,104088,861084,499885,87098,604109,152207,562527,623195,83828,991349,554417,120581,296760,110255,504180,596674,650609,862468,94032,677945,95194,920363,199145,447994,543209,796996,206662,733089,673188,8078,212396,639596,862529,178553,58219,440636,545853,466951,626592,775595,274414,630417,570711,516925,820452,277087,221077,949136,854516,751166,635318,45857,821024,355590,321995,667201,140481,651577,828547,793167,85283,551939,424702,556139,381603,405462,760668,776724,845151,450277,259580,408804,235287,791574,281529,730312,529787,695569,271678,696916,442083,834321,126114,745667,429088,479372,354487,379973,577600,910370,488984,803724,804129,740362,565297,882153,641437,636899,374894,762437,498147,797260,257797,21253,415321,307236,562906,479076,656972,201080,289476,632023,677130,176783,273407,219430,473175,302158,673226,742355,164790,632556,732360,461751,654389,43768,156531,828954,395906,373516,220972,160839,224003,703858,451964,634697,853044,34018,315700,694804,382173,291231,243196,753431,619399,179364,819021,30654,515548,827603,282173,257690,462015,345641,265962,409749,707886,260757,582682,684976,532225,383268,225354,604601,28550,543341,139447,483452,788217,75536,532808,200119,40532,297623,879267,574557,54463,857805,372151,24287,50980,128886,757479,793310,56483,669106,60275,842861,456892,339585,992023,834888,663505,906883,292085,950994,394575,952266,96528,478282,78674,464993,516295,350726,248649,990040,722953,83283,123668,116536,841135,188961,756662,536159,611252,712822,612005,822224,147842,786620,530533,57496,65805,791403,385938,83421,721195,655678,741668,776264,998510,169278,468361,425551,282123,373624,815376,688432,82964,861183,621969,526835,179120,160820,438831,244190,735936,238663,547776,823583,851274,917903,559051,270637,186725,660883,568116,375836,32568,787977,472757,891586,651105,187919,352518,780776,764169,86211,831620,55182,3839,808647,563066,453788,407894,384263,445214,145666,610248,162077,284920,989162,313523,765030,243674,165694,275462,97186,957954,625989,566193,53526,978121,877289,621995,48496,14908,359294,424699,70736,655503,471445,937172,428439,865934,653084,226532,670432,496866,1790,798085,99274,182815,301380,962383,931373,872797,659764,568464,172354,169202,302334,692236,103305,623930,527705,70786,27183,61114,721618,459076,745588,359417,883734,292619,133793,947892,947246,305187,735803,531592,761449,334157,945597,521245,427271,235408,967137,896459,6567,814924,110145,277102,253849,156522,181625,203703,568426,903737,708512,760147,396587,655095,378983,775355,618312,310474,310328,553610,68641,65733,747383,591669,835344,128382,543582,246923,699308,627738,815001,195588,316479,257199,141296,687764,217544,753522,201094,505011,847885,855804,440130,623334,551108,499479,251456,42141,446976,303281,227198,703226,291553,589394,796161,135433,837229,372684,528699,637826,133319,627433,185138,209559,21672,43191,803331,259763,713096,126991,458515,715888,995229,229290,265596,948296,871906,437583,693336,10112,428296,729520,789966,520908,204134,731318,131855,247574,508649,739690,418808,272862,613087,11038,993291,86263,967950,177612,973008,184929,818573,206964,450637,344340,787902,93077,346632,721621,214559,506290,378591,551669,20844,711308,560120,637796,62093,652519,760865,112383,665059,833356,117944,436743,358679,224528,441797,285097,894104,67480,844556,794766,354484,402121,745952,946892,927796,315718,636516,974087,557279,275252,941770,955130,306138,969268,862106,772449,714045,177490,856738,477002,882917,139010,222378,9955,367563,468745,40572,16356,157564,915316,397124,244545,700252,898362,778464,961813,50261,735003,139068,22933,241544,663056,223245,669851,296325,282030,997011,141251,642162,953708,815944,928113,238165,920450,681158,147305,46762,870920,398378,359101,897084,817869,591297,156722,974811,728655,736739,168647,953601,904860,87638,479878,627575,394348,225028,222249,839736,867532,394315,405091,619769,901656,171391,54767,290409,818486,697135,518536,42340,693951,542849,40692,41764,866086,930093,562874,641566,211016,717157,246263,921495,626841,720070,51991,462865,682534,754817,759108,134564,34679,161184,323309,858577,907157,383124,840887,110532,895289,370531,587343,41346,792697,771187,203167,109814,868142,554891,986839,229965,368869,996064,530916,73637,627439,665744,979434,105697,465631,364949,698160,544786,475725,403985,826826,777773,961253,794135,385340,83597,176757,214264,789893,86697,13464,875726,660878,432779,888460,53893,161941,830657,727500,935245,995779,563226,28251,794545,194979,819169,320711,299759,999063,245207,744269,463912,686213,694470,917576,827868,485819,956058,131239,442457,755472,714478,627700,836140,93636,744984,593817,990081,686031,287330,669154,67654,178322,583046,73346,41942,225254,52093,720357,689442,433751,388616,136042,356795,309862,618576,63101,980116,781558,940130,88230,80292,145943,629693,263115,344040,792669,303683,257856,327081,129416,211286,992191,669719,722000,899357,163234,423100,495502,103594,876002,531239,834694,232636,675112,77020,341444,188884,245073,667940,578515,74066,123443,974442,636177,455830,300935,358551,239998,472128,244323,370285,147226,726168,516992,67828,558854,492826,452413,830418,680874,312361,857122,64378,262423,351633,547439,585266,692237,159249,362771,9925,967534,285584,510271,920969,976107,324133,940360,390578,274228,999092,290512,580270,19438,665529,407894,641212,463937,304486,660619,314619,104701,886336,97314,632931,899716,412543,359772,862771,455185,826164,924282,703258,597343,137079,610286,978217,528616,878089,37717,690298,797836,260952,518283,989954,460669,195968,2019,505726,216842,428325,73,655254,940538,529131,550998,615119,199249,155378,207336,990593,475659,830839,827883,683641,60951,62729,944823,719515,524553,64630,156547,268958,281200,701883,757410,89725,943692,83841,625820,920560,515540,955084,932614,568738,782724,250996,437458,541460,773760,225874,436872,858949,652920,99049,25220,744024,749745,930105,147967,510417,622589,908532,276932,210947,886805,717434,92965,364972,855881,70054,614541,926798,763312,141438,978053,98971,509051,752656,635070,989638,15692,123690,355552,171479,502181,489938,279133,49941,623970,694146,962162,746895,439806,101079,705939,577079,68507,71423,714916,539084,360557,666102,202221,480562,301364,473073,586515,291112,812455,114027,617720,559735,199391,374937,961043,47926,503808,451042,67477,289202,433459,956929,997032,49484,953767,29960,795218,393156,260915,650342,210132,375984,763477,952953,354541,566763,73603,148859,796354,957827,530277,875689,889354,167972,433584,196460,632115,775153,312851,774695,777789,504842,753166,242587,975992,68405,664992,909375,188532,625617,143375,354955,172853,936365,549184,477933,644996,519088,188813,926962,906143,150141,548678,782872,586851,500599,966666,938867,436291,885368,764275,389602,109672,407589,680157,143769,95773,319382,806601,46748,231765,140583,635782,734303,408614,679898,24514,827822,529974,739104,325809,20092,843796,67860,759707,837752,991416,147262,185461,176149,940168,210440,93803,720118,437519,161036,614579,128518,88204,211639,437993,903668,650945,429125,790538,185084,175122,928685,523180,164395,564342,48125,140285,277789,998330,953845,22740,936683,175093,362559,21652,622868,368984,807397,440974,722029,362863,636791,735945,542534,880439,71590,282557,474045,324236,407229,289423,655868,100118,567476,227124,958969,370535,688869,111455,836172,398206,794908,587038,503153,577235,180154,416248,134538,451945,727739,846785,962001,866621,39646,834067,191724,877150,596326,900784,891961,150925,220705,174693,935130,279232,735768,377589,932531,941056,70686,44135,224834,847324,310313,796626,2994,608505,679586,209252,111261,263910,232399,755816,713786,885312,171237,41206,507450,359203,975676,835094,697396,109937,916052,337396,764774,572428,532322,59987,624899,478023,560364,207134,420893,559227,308552,743404,760325,783272,858317,39903,129034,603897,932475,479868,626245,867423,293346,211605,319945,662595,701177,214991,64239,314415,532616,813314,312973,321281,7988,684038,870086,206332,679366,215444,832526,584360,98459,170580,91644,447822,676128,466692,344796,250157,189159,425379,622242,701405,492635,564620,256405,684300,883838,699911,815141,814644,295747,98055,913521,567501,211241,429672,880707,111172,310598,538049,84857,117276,885195,778230,839638,16862,674784,202564,619279,907266,61374,767283,484594,585299,749800,716243,61299,927146,567124,158397,991566,901350,286076,841666,336871,632990,938212,236859,730583,83733,947066,597699,20429,397011,191752,575248,342854,969907,949086,852815,817352,362624,455171,718837,810287,621703,843741,933180,892570,941227,120539,252720,809032,738220,513229,792373,346066,43775,747610,988711,800927,500960,839303,444324,453729,948833,897968,961699,559532,180421,663543,652514,955582,124347,782887,791004,390987,514152,172573,874164,926506,541140,115593,19991,724003,640725,563492,38008,614293,708075,71035,975818,493152,363548,290664,59224,432712,340155,176584,730751,850221,809427,670285,899051,336364,482503,703793,770365,174553,366432,405385,757248,405253,938524,378860,273529,917291,1535,461763,438137,631306,540599,284259,972604,188347,69680,275958,44410,739205,329526,131514,203483,475475,172362,616772,617773,724565,755041,854194,854199,9790,510551,810125,116673,859220,940875,918860,222702,17734,939093,249571,560201,631732,874356,994223,409338,908699,345506,995231,517287,738805,994404,406498,158177,210321,211415,934381,167382,94742,78760,323787,370570,139972,925085,836152,544556,67845,838819,603898,245575,263672,850085,827218,979963,265339,336958,633952,773279,894123,740607,477718,808440,868513,420725,925013,572068,496858,917234,16715,926890,48678,304016,86205,634113,780434,591627,959820,41729,533214,381534,451664,700953,188930,900314,708754,240518,707425,50745,668405,896581,308771,97088,416889,794881,882103,964615,376758,145795,462313,977689,285797,403871,481882,707096,490226,797791,759082,428701,402984,397323,348589,631197,221854,729438,680397,229833,395318,493606,571314,119115,281578,239911,129149,612819,734878,548388,410143,153155,394940,465910,906907,523645,254523,872739,835113,279782,979419,129284,486925,764690,112378,44217,318463,139523,264756,166214,513615,602369,365727,661776,229139,521534,204809,545360,869688,597414,768549,347983,888361,984657,578886,318063,741468,642196,486055,730492,277867,634849,699412,653478,154788,28748,60450,731352,539158,148689,102558,531371,779918,372540,355101,691426,485180,868661,354177,798876,641048,9446,990794,975700,688690,953313,181324,346894,579569,424315,320394,743870,264907,124586,246688,649696,826488,542735,224052,123621,609898,737862,844828,415834,628570,341928,10728,474839,817283,598301,561567,72625,45609,26646,50247,498687,659273,237364,417808,537472,316174,544658,96182,322258,401416,810660,821912,674179,290185,28311,137106,748835,380437,52926,480816,466200,515971,64078,895561,975478,674852,119357,267431,802218,11257,978703,23652,282231,724263,746708,978495,447319,705828,817612,301390,862031,492824,464224,811392,155247,935617,527717,747461,665967,78522,137140,926859,62340,508558,977623,602099,560095,28620,896976,598266,770497,718393,5639,601439,679712,202704,856564,451281,669562,81393,191254,222741,307798,445028,844564,685881,904066,223384,705070,144626,155115,372584,890264,17721,290502,27290,23842,28535,721951,554000,13921,329381,903895,583763,555798,985722,100197,626494,107365,5500,300788,669561,426049,198982,523995,990979,653630,61723,865863,780433,499878,693868,108397,125183,855273,934205,488326,502802,321476,439123,741343,607863,940445,993888,527727,258967,838737,25216,272915,364147,581794,834702,12869,127660,804036,555738,904803,685127,459547,674783,543354,717344,150988,445804,310837,985936,147531,205983,341956,696647,28394,635828,678855,810764,176092,341933,532370,4343,244334,21928,212980,426584,112875,619079,276629,357511,660514,54605,996564,506281,856936,534755,233285,862983,415982,820114,580679,469239,93098,546337,402956,13835,937921,546929,882290,493888,982687,120943,618422,532407,466299,9554,552100,166041,987042,268164,419194,285910,567302,846203,245340,937285,902880,952900,310530,965063,924895,918246,855131,315040,995443,427123,734763,698268,517351,427294,996164,348844,455008,592631,611261,772283,864517,273502,365972,318023,759619,840143,244505,579560,375630,799180,647793,346658,314337,586529,239791,543207,715221,229729,665039,746061,445627,241400,231210,857145,685625,915167,418705,613295,673584,251496,684851,771069,307118,931450,178380,406179,42333,97605,139903,315181,289742,169685,741919,600375,252266,363077,795129,355091,177270,110331,292688,220049,339419,787575,326774,923547,439109,341524,815046,734890,366470,888650,890064,441949,173372,516782,759699,31848,320149,407498,817478,55004,309675,490548,111071,585463,313047,464929,113693,615290,408717,530477,237708,691978,136296,49510,816845,251989,504437,538378,459411,868485,588023,634929,576188,392726,510595,465697,506485,511913,304527,590342,210968,211870,365920,187154,376935,175558,420730,204493,216123,66627,577749,790734,140465,699303,282621,109683,743537,220262,550795,195592,594317,28851,697467,882539,812280,63300,926860,617902,629472,444559,665959,946479,722451,535975,57150,159330,170183,51915,776555,659130,75525,176842,607176,696994,475466,708513,14330,777212,530329,132347,267543,850112,281686,13850,774122,381241,797596,229792,437111,394987,632755,80976,658517,483540,51375,596970,170943,986764,536195,565844,619340,92085,19747,635723,866594,922586,17644,490493,360561,398536,301756,643025,466814,770501,358752,662317,306321,473393,928350,806422,444466,82231,752472,471018,484073,348576,873888,345529,512264,449797,969562,185507,978535,233230,673970,970409,456504,290963,67588,269162,787863,702459,881601,549817,880297,168257,850478,646930,737503,714633,668450,878760,232292,597520,162529,558923,622552,558760,692120,4467,279181,86633,457652,748661,701805,605829,270502,409199,47319,696089,799750,398007,309890,977684,919743,521257,444151,729626,329594,209837,203881,910176,252831,797128,109509,713893,529544,364345,728747,604730,896687,659955,390375,992770,408617,224663,774234,543366,494479,210002,252261,9150,401939,576275,124205,306244,980494,503548,326468,240951,845329,80875,72543,265788,153983,100694,658904,183069,999683,248202,543817,802266,936811,230785,250411,469517,534596,393685,266983,162011,366797,83405,44232,413955,998242,881111,688786,90941,195594,155610,459016,437512,770628,241342,947691,853660,133935,565820,459720,325141,995754,909996,306908,53238,563963,410914,93399,586383,172295,205521,343913,760812,73412,134646,323009,371640,530301,887316,375164,65088,551298,657298,750699,313214,18439,825423,14761,617247,988,473371,571254,151668,851197,477996,408567,131273,166704,700954,30685,460124,289104,791087,690333,757058,974012,636333,453930,573281,961327,83009,439982,97983,197247,802154,540411,366907,919442,695155,294941,547885,796727,118899,144975,209801,741850,409229,450913,785294,375981,185147,850016,61874,981764,290851,581403,866961,590687,629835,824656,534784,819497,494982,439346,737065,592115,374061,657910,408371,709224,519158,293690,800551,486404,95385,487306,265029,504822,698103,252912,605873,132689,98337,816608,765122,403747,856971,956249,136699,914711,17838,960300,996282,512376,569616,367618,878285,490059,341642,825007,210997,377277,172848,360625,340982,940430,975730,612733,781028,519217,351744,582823,777627,807372,620525,528283,559525,273809,875818,105133,649581,671531,566444,79240,933514,600664,618816,395811,404265,973623,152396,934057,281646,607257,142401,863689,147216,170403,963302,333621,7865,515878,248124,103515,324526,6555,477229,308170,590622,397428,862330,534996,536561,775424,816425,514676,639990,458047,819212,345798,336686,597336,719124,339244,842981,980680,663621,3362,950298,192048,47261,188264,760271,71745,745698,313275,565081,675370,813805,832817,724113,58658,362694,249293,813454,973423,358993,639468,104404,282637,31061,730228,383508,922192,436394,739431,734946,430905,37035,672645,514467,228769,764778,8867,679701,716590,428136,458550,383992,812074,865115,898439,294387,423039,897281,668461,232971,918551,666681,719006,202982,237602,414449,69942,901782,165402,93969,745912,870495,922506,611881,405202,162899,400835,234616,569394,880589,272794,754217,934409,381482,946714,540454,195025,498638,615623,179841,310513,934875,490281,781409,106571,895475,585978,228930,791776,204835,310673,95631,471617,363211,803236,839178,137618,709895,789804,705824,75544,696782,244929,884670,150577,218335,584407,928975,163534,103024,602301,366708,680748,97624,911852,287229,460596,326413,513945,299913,726722,992815,249794,317450,284744,420443,901322,558767,752027,313045,35507,929892,675795,473262,862320,866315,2283,737458,262056,301195,110894,867971,413699,941649,898594,791392,307179,167333,469516,954739,500193,103734,111697,779553,846344,191493,81115,421391,40972,461109,339419,664070,939420,327094,942392,654675,643874,333760,128521,194843,287036,265727,344285,119342,978006,49942,552131,465868,741919,674648,686100,70982,632012,351613,73866,72409,971735,992203,157129,972025,85205,843515,883506,478963,534571,608301,414334,671845,266047,108438,982060,17112,685553,585023,67872,248266,229826,8022,295838,317161,661696,193056,379214,946745,824778,767059,322946,248446,288489,10082,595619,586751,137427,172670,638001,823443,399014,659693,741592,476018,379539,961661,418253,271207,787583,135254,296547,82441,889856,500410,16932,448472,890961,852399,417013,434057,295770,391461,933203,25279,634076,76818,900338,554726,67115,770602,313743,678753,412414,441652,225974,437103,543200,339492,783439,968325,321492,411284,845154,275705,885415,98405,186184,285940,168598,918641,518958,135970,244645,306611,34559,422607,865033,930318,506592,925613,978323,763189,967563,947556,303140,135820,846825,520131,6707,306696,312297,4710,880506,462787,854475,662841,835867,954665,3430,717588,878738,936043,885101,412573,948616,45732,807544,87040,327554,606549,830808,785899,66088,92759,162774,335933,723590,657593,1998,554514,698327,455754,513865,363673,32314,241871,667973,84648,797192,250455,427590,23458,758627,531098,769979,448967,633948,471936,519919,411659,772642,797612,481008,346630,438436,952769,949132,763761,544220,571442,96971,885058,343758,507283,580766,134041,782517,20396,973059,841234,196786,337811,893556,353208,310886,817479,789329,342686,458922,957657,350457,760408,242512,706243,463180,118441,217024,934714,920213,629343,202635,836535,251480,369085,546419,838797,984660,980116,399846,129970,520020,15422,543393,577092,884703,638427,918377,179444,667788,520591,433026,444717,514255,53959,335428,363235,46102,945167,126505,963541,322426,699179,722136,178728,59959,4574,529578,788332,257695,375590,705611,791632,401661,788499,679428,255914,656102,13294,815793,832250,967602,683224,79683,269962,391112,725570,195866,282145,901453,522268,713460,8923,969153,951231,268370,580306,108685,268904,509523,987828,934786,979327,853043,350519,639399,483647,754916,151394,542294,486991,400198,805356,769222,831263,787882,553608,16101,151777,252342,159543,604301,510979,58798,241105,815063,73317,421359,248830,766728,585388,356322,541149,974618,753467,558110,870408,50772,63978,685500,42035,533199,537550,685981,495919,152154,172787,450888,560336,177731,251503,65279,973481,300789,591318,42441,437139,907743,889559,646236,257617,657796,852294,846874,692023,451756,428344,889925,775364,566579,475498,448035,382922,182073,478894,175305,769140,414186,388146,286113,947956,218420,594984,804567,164579,7630,984755,47104,25127,49356,558457,571184,255947,741422,923104,734606,384918,128040,616726,543172,643019,600660,296527,242563,470360,311911,468194,53258,844540,88579,585745,177855,232568,622892,857860,377133,761504,873938,22126,411857,423459,638576,707904,619788,750755,529405,163952,425348,568758,569428,707456,84157,287413,136424,265284,644247,621446,566065,193208,206185,689622,107271,282051,963258,741401,288266,665850,771989,502027,33861,640942,92765,366840,178079,21634,443742,796310,364721,296973,476083,693562,455230,736713,768371,323187,866271,927518,921768,882393,169400,350673,113077,462596,177157,419891,519490,609415,436019,992394,617638,795928,215798,602010,608061,172303,279735,142550,207699,128187,648764,452847,301058,658004,276701,873250,722097,109585,134288,60944,631978,442259,604791,616174,73244,492841,150070,946463,964868,897552,740994,306674,739616,115960,137794,918503,100546,712070,260051,679812,599446,966405,732085,608441,90417,191736,973235,470997,667673,807023,899976,491234,268021,503164,168036,757827,577595,976932,294015,860382,893498,330903,808360,563540,871372,36686,745357,863857,306334,135839,141981,383643,663524,72503,327443,734594,297490,793671,142030,32164,546491,710889,95617,849410,222190,151840,31474,660103,356246,933152,235234,611322,963667,154352,986162,98901,270395,613989,371323,448969,201209,206897,875926,495282,754121,160911,752033,132618,527720,477065,471737,793256,529112,504199,57209,23134,10408,610871,594087,669094,456815,7857,27730,462333,339601,863032,903898,279096,815895,726788,755105,617506,954933,99715,584577,923459,259502,183561,641969,326246,485839,59820,212726,249237,83362,425530,412753,45937,772570,936803,744014,596333,923156,686126,976652,998092,128029,764806,796264,305951,511448,340168,403729,867816,507121,278630,745507,572043,633988,170266,333024,332668,931196,262773,806349,331051,257544,198427,636883,878463,912008,881022,657781,627007,120237,114259,740536,799214,223661,603367,394259,973151,262637,950471,54455,55952,732102,514785,404923,465658,85853,466662,889732,214296,278627,106940,480744,213043,208603,272881,726656,594251,358626,776574,781183,167930,430072,246495,613112,512814,281615,153622,891515,537315,748699,806562,974423,411362,56114,871421,869531,891541,785696,39066,583168,472951,735057,553875,164906,904434,658659,434297,593123,772899,949827,509598,658873,953740,46922,539521,865216,971933,745643,319346,653045,303838,106911,276258,999038,808778,498025,690483,97429,984523,604280,961062,232336,52309,685590,199698,667520,913147,481269,155554,225518,664252,723658,686190,987963,93877,720107,792748,256096,985142,895688,913568,792693,542267,952626,766327,216265,924102,647905,214098,641031,512836,80563,466111,687686,121099,559154,976486,363265,999968,246493,667511,775075,232147,410610,252981,596701,879930,397014,996569,337634,349110,418380,665414,468979,331584,287143,150300,772554,547143,68649,416210,541668,23213,542431,612288,108165,809722,620813,557380,741778,650122,914947,409198,84901,793326,566923,717217,342008,614259,599305,794720,205208,816796,746431,641604,968400,185632,693831,391038,437885,448848,738263,660881,531186,683150,240677,519737,785234,988226,526583,978960,978276,269389,972934,94336,907883,524802,449363,215239,322190,792253,326420,114960,343065,757676,145881,412003,286235,771192,972627,274108,936070,290232,429263,307443,130601,25108,452731,850505,197886,297049,100547,410348,645918,220440,598330,766195,618877,781672,601216,403387,752398,130532,118948,559716,746805,495254,21622,255502,644621,910223,154749,30197,39498,464317,739633,808781,861000,622357,713569,694525,611558,761043,509318,885774,369192,788324,757366,807306,66495,681434,634095,213961,39626,632581,274012,620844,121060,91484,34862,586505,569902,844118,233574,227657,199839,170351,393768,42034,548693,707430,713957,218499,656154,626072,945218,262414,947431,601234,215621,358440,142654,96931,32313,752356,941211,458427,836543,864581,336094,924565,329633,224268,190923,787725,436562,981412,969608,565163,747275,682061,692116,980209,784711,449786,209635,994625,364801,81560,961013,716804,650800,545385,931423,18012,973958,65733,411229,209754,295593,646250,234566,467407,387900,793108,909582,913181,581449,923124,127368,5639,362322,216702,141777,230750,788930,596625,722718,744578,766835,816371,45591,851677,929784,395577,915514,328815,340743,831973,634521,578209,353540,82775,656418,552933,289458,187814,79251,327361,118598,241912,611583,894342,564734,525512,759379,312690,730563,475697,370332,726640,796332,642711,251644,854517,348754,505236,558994,789826,235480,76554,997335,349839,667468,61621,89262,263683,990082,351537,407381,878275,743455,402124,2160,147349,324514,184408,455493,16865,365518,981507,966033,649454,40287,282898,72011,854734,713774,864535,841984,368760,236719,132635,589804,21929,817464,196385,599570,546282,521299,439544,901352,939257,407118,282635,126710,91679,26286,819607,189587,4793,570299,726102,972759,914648,632841,980437,214557,9304,73980,918047,48293,52965,654115,314972,761900,734316,69173,418843,669265,619197,574150,669396,464168,153734,325028,730248,852474,356363,294768,990615,551301,457566,143330,226703,683829,567391,277855,361913,894736,467302,932941,621940,481305,5443,194643,817077,536885,239786,643610,791088,179565,622419,851314,598240,138075,724618,197129,616225,800638,48153,58840,954892,338483,967813,370352,158814,886808,667959,423545,820372,892034,817381,287359,569006,240304,792569,710010,308797,525915,170878,436358,838391,808002,965761,683031,681481,573664,386515,242462,543045,981830,856500,968609,282613,20841,617219,792961,403792,668941,139231,107160,429565,372488,530535,106492,404731,910175,472528,691786,156878,221415,271836,623200,353580,725219,290895,671002,20514,953725,583346,951634,282295,863390,709253,825786,561,840004,119147,663264,538109,305152,113795,437852,35467,622222,56055,252114,371272,650970,350865,775624,992138,122666,934333,43521,779161,343388,263943,318777,139496,440925,598733,208291,778573,514284,625801,887094,488202,495660,407204,992319,786972,924829,430925,591913,731784,754237,30863,954176,881246,498521,807611,760461,744142,321328,79124,913610,183645,413772,789504,959482,307632,625037,606910,705611,363891,687596,576544,281432,630203,641225,451212,711152,110486,404666,376439,651406,211636,116176,11313,891142,274620,964945,647178,734787,522889,382072,492119,685459,651501,661079,40876,950683,563589,304307,892354,993873,627729,340221,110730,399789,526343,914846,915394,308286,689188,651476,203166,72139,938965,643850,633661,798398,516823,468671,152924,56821,628517,117481,285312,148286,312336,449788,96042,202900,72406,506271,726165,982859,710453,803199,803013,382984,356451,137676,12847,325470,782598,477170,733535,460927,455930,437798,938544,212412,572720,933619,319331,419426,782292,23780,827677,103633,780747,322444,455063,934190,308048,308681,466140,792141,409742,234108,323008,451752,664600,542802,132395,508215,519279,897205,131672,523397,967378,630368,40059,541451,204109,642857,958382,450186,608930,788712,284679,392718,920099,56648,545654,77816,102020,2987,334902,189286,818218,728039,706078,293343,389891,42944,517966,158310,485771,52111,545367,460928,45828,322937,128137,59569,531815,882019,454585,726943,247522,392742,929406,100346,328444,824743,286606,318812,943692,570258,760915,198882,355980,571634,852854,502092,228408,5368,9012,501061,270842,1120,673294,613123,738057,287674,978448,291136,161225,260565,188821,313655,353087,260667,185840,487152,955485,365912,70690,839638,257974,669217,869275,883522,207489,338076,283618,888761,86068,23547,678867,542930,150004,614499,778987,584702,273756,979365,801560,895808,248280,892909,679846,949745,900414,133441,923779,186091,713799,896863,393074,361427,451164,30918,253772,367185,499996,829606,940483,206069,335349,511630,552494,995080,668583,295304,10548,795366,561766,915495,381232,426237,408582,590064,382309,190598,632983,694908,484633,101317,628565,52843,852461,463668,984975,732696,596600,914589,698335,429023,670141,581408,803265,383873,529872,687542,417528,614600,26195,806854,932491,656290,493953,716851,662702,903998,761786,191671,383289,593148,898531,952358,53647,26337,515088,972175,592701,82701,281583,431052,234937,253947,762707,14615,131944,990040,630117,688608,876974,565858,870651,529985,986452,964826,924268,989848,743380,994477,711699,612607,933553,680754,513962,247525,50832,591417,468007,645747,466999,537838,602544,375025,878994,823520,221961,490797,793399,100671,638884,609454,591991,279787,864501,994849,146838,63040,963667,312572,132570,963898,674686,884063,59347,427027,367195,297735,497910,163444,668750,292611,875368,414654,188220,612842,328713,335366,891823,774730,992874,896466,467820,534113,862954,856555,524508,338127,122624,968084,859305,595492,208319,454732,807867,150519,692449,592995,344791,268640,895192,761473,15056,954682,453873,234034,903476,598266,380589,521902,593805,224107,814337,405428,497199,576258,688966,219313,987331,992246,792355,207526,25055,80716,726589,400731,996982,951495,177070,901712,360741,848500,556289,386565,529654,222192,206224,968777,552439,100019,304345,681667,367416,22910,45057,376324,881320,777426,589479,424210,451372,61400,422154,161991,513566,505216,127405,211344,715214,924140,738371,713945,517606,866522,771994,529247,107802,381021,82474,556257,784179,171096,175844,713490,112646,353183,685142,698523,760043,204122,943872,27871,803732,326675,514817,819192,510393,1033,32813,708893,948189,127929,709225,639383,518403,652465,858161,790336,758934,832813,542872,180401,454312,878115,399520,273996,952014,501646,962423,354507,678544,895856,149097,944577,275336,468265,930647,827400,169637,493498,971238,40990,920460,760195,169855,221984,749753,256109,270369,357679,177651,232227,235927,234314,583305,650750,748546,328300,304194,281601,756546,596803,868392,294280,867663,82355,842356,883551,864091,71446,357819,76746,43144,798063,794772,324318,649925,49532,721001,881122,841700,226446,712560,570371,456749,693061,598471,503705,896688,125738,509708,981123,331377,241177,968992,450298,586826,983799,799353,602200,533083,679912,301909,744061,548619,190143,658055,887176,770341,538482,440670,967230,602445,11114,274881,50043,41876,24881,326920,117441,948886,393785,815263,509971,18225,508834,829655,148392,101867,829823,711783,296674,513877,255763,255418,497373,363488,223880,373412,217363,157639,258786,498624,159419,350723,623857,442291,812831,277353,787129,394963,581510,939067,846234,522803,217025,900984,373569,657235,428112,167691,710700,827468,844474,251539,25643,762323,530043,192651,824398,298220,444316,723427,999434,102409,686697,524404,100108,875300,559833,421574,230865,996313,487354,898429,700148,674267,76312,111362,444979,329766,818633,35435,53324,629055,139540,399296,946371,846272,353430,178630,128425,442374,939028,733684,767885,934272,820914,308108,37128,871717,679414,171196,658919,933169,292330,792388,25394,235855,133657,163041,811463,734504,397895,812186,305916,768409,411301,662824,367144,839597,70923,933131,261797,137237,981383,262459,621525,720444,703307,108245,373431,457107,85205,628968,282777,958427,160899,100890,233202,104556,632079,936875,870379,916513,106672,66195,178643,525876,77833,698153,103695,808947,971783,765369,122356,37327,540118,286238,972703,670265,984021,670745,369565,384019,241297,49570,808587,204775,276149,422484,625114,871961,207086,156070,39562,690282,747906,552295,819683,620559,367232,398773,215559,683666,526624,242477,174458,732678,66277,189548,152566,789723,679543,909956,212321,673776,693673,990799,517284,19207,202479,271282,454833,593424,757670,768871,871395,68326,667327,879171,466277,402572,130315,351501,178254,274048,653541,100531,871195,441210,121686,765985,201780,515821,209495,677377,892479,726876,892756,705175,370404,969359,82666,697934,29580,445285,666649,927466,727815,830757,927946,899276,80277,328572,901688,878026,679972,210220,224739,432257,893942,529178,198876,793300,521508,973633,313603,972043,600557,716905,910010,475509,634953,744590,361614,107502,47644,449635,237544,210177,185298,941657,324875,375106,745686,701105,5354,61993,963949,139630,778452,903958,729551,572806,340086,267641,916196,399617,456772,739083,909263,935515,489728,532822,824002,747510,93845,238158,511963,438702,612531,281077,874994,136122,846103,117398,873069,811836,610192,718270,63558,308533,14285,905845,894478,993536,273683,860855,539433,146949,484765,989011,593198,812310,273097,948134,145592,211530,441963,539750,419482,132611,704513,854226,984454,429843,382168,272179,285077,613571,721253,924659,922154,37072,980950,380842,772340,844032,8400,962304,774404,51471,268480,762335,354183,852282,375256,935327,308300,567197,754299,310565,324057,530298,42404,547975,718029,702967,313785,533315,317985,659932,154303,293691,734358,480109,266393,481790,493814,398899,568191,527439,804992,173229,105004,854401,83000,592568,538154,113287,213237,648642,850026,766304,94117,598358,555541,724781,973236,645352,838055,26057,815312,713030,256394,121787,633002,598032,479130,387752,771314,366568,333954,405677,601230,339338,279838,163511,473143,287787,521769,912087,120818,268039,7931,499696,431244,657947,84405,308134,396102,131946,958024,963526,383818,803940,148184,794207,166073,458999,539354,740245,564956,744640,349813,291207,813526,363133,535306,161598,266862,111973,379679,175207,789380,303724,408697,824856,407611,411727,745427,72454,859359,585767,666431,809422,754974,677174,155113,691512,273113,348391,136208,769223,608797,626771,111447,991330,399892,620031,49511,193409,719139,413901,763893,277956,17940,421835,469262,260244,116673,564734,22102,564902,995512,647648,463425,920369,993775,854532,183606,265770,909511,419431,830395,257191,579307,662819,112669,508878,294181,743514,589532,919177,257060,561280,443798,330694,192697,608483,332332,145199,893217,148008,134232,725920,3914,481485,257205,111617,701982,414354,108000,877974,318726,333262,266428,186736,192900,274631,685190,994514,242664,72989,493304,183268,660177,392054,823306,592196,755852,370312,923459,681327,313330,805750,887386,463651,816604,494802,32238,92425,97307,834147,340920,954821,817891,177785,4106,683623,273214,670143,618653,517169,739686,414833,316815,527545,200417,877379,770634,996234,86327,891959,22501,637636,486847,471493,768205,465244,291826,58833,235144,131888,896450,119206,519752,73763,834826,311514,604770,440141,24792,548859,703294,139011,278708,386096,27618,653896,21438,114129,81051,32459,155158,797785,749514,672980,272201,487240,992451,38866,279526,337447,602447,280051,799567,872725,817571,703060,686163,379939,694163,556984,882532,542167,260979,500529,555026,116970,376069,667027,472068,300738,961683,718363,391126,228989,232179,766153,183103,363505,183363,13822,725996,464798,377034,569723,696365,533862,505559,340491,500735,405507,168294,563815,54502,894634,129338,123602,689224,63007,80481,789539,691566,744460,438023,362550,855236,521439,876356,126806,794780,790281,91940,55931,687793,517747,976418,894486,889938,902077,953170,787591,234768,948679,601092,925663,515702,405545,300237,759581,854650,718978,65294,643038,143233,786581,130033,965343,111780,807878,185217,521979,671609,383888,880584,802952,538680,281099,670858,447696,828452,845547,970512,137787,492631,835485,83598,515421,491313,264922,466473,804731,326734,760895,879891,486613,614636,173958,861788,167839,43988,26452,851829,197009,260620,591938,58377,290913,478112,330428,507517,890916,551016,917886,494516,666232,585503,717352,213874,685180,471724,454454,851085,801004,100063,863062,682536,869998,331310,75265,442283,827366,300905,227060,960115,520023,157407,788269,559510,555690,142175,276923,531992,594403,685513,779035,238359,130006,913017,211213,601843,312550,278003,569176,363587,969050,860879,289649,222343,113507,175946,421533,467800,963358,14759,742130,848530,613573,577159,103409,535902,104118,451246,776668,694612,598240,16245,439504,510021,346427,679417,737291,485971,549293,501380,617945,563940,668223,257598,279263,688913,995788,193374,50197,775250,55963,672857,906353,477819,539508,500847,321738,917505,808495,657800,875313,220235,21234,38633,996605,37216,277710,155482,472938,11812,978016,300108,201458,803146,816090,267438,14715,435336,554502,355014,862729,801741,652777,987305,610459,427970,474284,706082,941102,862024,504289,894305,721301,577788,456470,257119,401354,685140,198706,576832,245550,817686,785613,677099,229391,399351,319208,395909,231535,273724,839387,889780,96014,520644,85111,478993,845045,30379,590760,533387,276240,576625,107121,790458,786864,836912,683081,533703,590743,369776,992408,297015,870413,717259,932896,428249,218601,599359,359375,495449,720539,93491,197696,144582,345882,498274,417910,743337,939292,387482,669378,788534,825375,726806,153855,840346,214440,614629,873960,910691,904734,367205,479991,728098,528104,101025,981,287974,516504,496828,784621,322819,564940,358455,460858,436265,329228,622916,856436,847438,572674,648341,64068,684115,105879,249337,281726,660931,357878,175921,561187,364091,27385,978737,434584,882694,987926,378206,924146,391798,268367,875109,770345,472205,628582,804082,567,984880,901820,68898,351412,78429,341021,168653,315965,477617,714702,594553,576321,300084,349708,657741,169205,300065,24788,604512,852401,983901,425812,80912,594843,937546,805759,777813,854165,503756,447823,101816,708086,334677,641288,703923,798735,79157,764958,385584,880618,559693,490110,176618,731211,901202,394545,542329,106427,722878,19661,826507,266008,161029,816845,471145,288248,252598,146711,461244,742909,404609,927275,713838,534608,43812,425739,345443,243780,628426,576096,861127,647340,174745,39253,445301,641935,555835,502262,541859,805218,975697,840835,548849,795990,906626,829662,435833,304376,7403,7395,448360,265883,906127,905987,584154,428058,586528,634060,618884,318538,527346,299408,573064,112128,490783,347556,55106,699625,692353,643035,821416,598115,406221,312638,551821,594687,982183,467090,214496,177772,630492,12740,914585,713539,859884,403588,844530,934505,796397,785781,40631,568195,214151,268236,96738,881085,48224,127149,874852,609153,301332,803710,62937,789930,680259,647576,540877,504974,61273,89140,786870,181137,152844,703073,60417,147719,874192,428036,42851,103310,957541,326629,359090,427413,125046,611226,389766,616684,214377,333163,97446,929840,138633,347921,931695,654871,82701,1492,308626,637307,777482,253610,223661,425564,958185,518414,703725,506696,940721,113533,243175,281694,785085,470439,969361,13656,272672,702271,285955,889125,372991,936988,23866,530850,683737,258545,337645,470422,445054,320817,839744,17262,223908,870720,684086,445076,344702,124727,818953,169237,76304,249922,475981,395989,50783,149471,611961,41078,915383,356506,969879,738159,175098,51235,438028,584033,102957,182944,333385,429339,510751,475121,970543,502102,17507,346982,36010,117493,315719,545040,380621,390507,678015,3084,75102,777257,607636,103484,93712,604604,351528,789507,822655,285153,216035,821398,784975,180146,437917,112317,961362,821292,593480,409337,851936,657321,219446,835061,812822,644439,23450,993173,40350,261527,562437,65951,861380,697075,781880,804806,843732,953146,571951,622621,970274,816343,212202,967537,581977,327752,808886,718357,487284,50812,336099,217122,224882,281910,794369,432639,754219,578866,780707,168792,542641,880639,702237,541306,523663,728160,495664,375674,91424,338202,724198,497316,6058,255658,957247,689122,667396,361770,381866,2614,725470,916125,40087,630015,318625,753711,689933,514387,376844,403880,727946,519752,978174,127708,691803,823591,940154,919391,904450,812330,6714,826634,861964,886692,718778,205081,85469,658976,580738,578231,608214,408354,745047,187018,714963,356143,22296,616804,807885,195161,743167,14636,737484,823357,311127,963365,469581,781822,150140,528321,928654,979236,526718,124210,137749,77034,63900,199253,679694,165303,372021,798962,500469,335299,179512,98330,713978,444618,184942,900898,383629,161942,294374,230850,369969,302491,761125,377795,129492,55003,470093,946265,342412,325732,826037,703457,453073,316795,558659,629947,181345,707722,976116,379504,621871,271510,328942,837694,658994,45742,172931,408325,696990,29360,249697,262910,865406,800625,74975,763923,844884,793921,939048,451759,750574,874499,229956,996325,749449,997473,417357,807533,501749,837392,319618,97307,57703,664181,38071,152451,612353,185804,768521,998018,386918,534268,833994,730483,384005,808453,327943,833691,137225,270039,43889,234780,394534,926288,324057,382271,990647,898590,686695,315116,382813,433238,503455,529836,203980,770880,847378,23538,839286,722086,778236,881506,139754,682460,327970,890019,717645,758985,332609,349161,49242,116213,696021,446420,690255,784238,908786,578281,80750,897301,762082,113269,46588,327826,874243,700597,287081,76627,183311,820991,857920,811855,84705,392387,987067,635284,694505,522331,559996,286560,748908,562699,227893,533568,4773,56697,293857,329986,115229,418407,924306,213769,813938,202804,527260,710856,999058,970789,726541,251068,956953,60725,945626,303955,986204,452238,424135,208119,662375,604285,641089,729363,211782,56588,308546,153663,996884,505900,786062,906312,998232,36390,441817,765943,24700,390489,707160,604429,768388,190576,998400,525057,266544,761454,977228,720844,673656,311822,711620,695388,834870,644202,614379,533303,674270,724645,334381,199448,868576,657894,913707,866157,684978,143502,862784,714913,126848,913105,551473,711224,741524,389020,678398,636219,896231,44772,442944,214299,655134,97474,67990,666438,76056,814338,636948,227558,785664,695621,544206,727810,406550,530138,305049,867995,594150,941722,269264,361875,823037,463461,176310,894119,268967,778171,20679,250960,20176,38467,211294,245746,351515,920406,450894,534433,812391,486835,650379,204350,707935,57294,695407,432064,407242,949670,519168,728794,83339,708082,521923,585027,371559,837746,717487,737390,795228,622205,25470,599593,640278,106445,601844,983857,811716,913091,666987,493401,818768,661916,132370,391442,496936,981828,750715,330562,107288,715723,447201,374392,882779,439080,410196,229198,298548,71492,609139,696290,325192,854375,703294,137042,569031,478709,470565,635556,598411,145854,435468,111692,748936,968786,232254,79614,30195,394117,879387,677230,136788,194886,82301,526493,732716,393374,539204,743416,847870,975638,830262,250214,969340,505886,1269,803526,480880,805913,900762,651739,349460,917874,693342,876607,323603,145003,443175,379116,659473,457691,260578,789582,816563,921,386192,284675,237526,518756,561256,57981,389532,341314,971916,846308,95261,508526,756087,628495,488275,896565,265534,441943,663223,538926,552052,292422,771598,110036,800835,404428,917009,877663,31221,235570,721176,24067,460318,594527,678827,523928,443065,114546,239198,426903,164353,147268,870519,964101,556894,684763,384264,304581,988123,994916,356689,976644,981473,934005,899610,692810,585724,44091,855837,440364,605377,572323,613438,701032,312183,92894,822759,67410,790831,21159,391784,20486,198481,534593,497472,920199,437854,477454,955222,977683,753481,222170,596645,776855,645511,425588,146388,206028,450418,214029,94722,599826,651742,953649,464527,537480,846909,82980,687935,422924,471029,370164,591870,270811,699284,83040,67527,933445,760790,399321,274075,987768,386023,128793,96359,336631,714948,813133,851442,650978,70536,562778,815688,592968,140155,466272,436783,314527,101130,502592,594205,86318,529585,882763,582602,739302,658286,955879,971411,584989,602557,302913,571206,312052,258896,195060,689061,276787,732291,173275,418670,672532,935823,687559,134130,792240,941366,289630,485831,399514,920336,448052,308244,426664,355561,906950,962693,268662,896629,79802,999610,991603,674247,453075,348895,746564,567169,702676,101259,579445,523136,335936,861683,343716,444544,728195,2125,685177,178186,204253,586241,929689,565316,731731,734998,325132,453473,187157,97687,212770,494042,35658,934838,327642,716307,103360,286571,674609,45483,583485,945190,310092,832620,843483,383812,368202,912638,976701,235983,406331,814850,251180,968197,164175,516238,384188,958904,852153,88172,851077,448021,169327,66546,914417,725949,275422,762336,673895,463403,291816,701276,842259,453898,110796,240567,794877,887488,845816,78787,224220,479372,342672,459297,250580,390819,265120,163378,373934,8654,115115,414145,505983,195246,302129,166392,791983,90271,88170,864407,220514,635030,488126,167629,802013,206557,399792,337438,66281,675408,124978,13600,516375,202260,859663,755046,186317,197134,57153,130183,143844,83246,357233,4434,572760,268719,326122,592242,864379,836334,883449,833450,504453,215047,909242,235288,107841,155563,804909,504285,838492,991880,730492,317190,953387,726345,812271,872097,766296,244444,810917,8895,702185,269339,537412,576369,589280,457099,437688,798559,366789,602338,200218,301307,641648,999849,868459,208267,663066,781094,28709,602050,723790,558592,644488,572543,150678,709920,603419,26376,947856,404087,324061,929809,143060,381720,793347,663973,455056,933421,717086,949185,156013,272735,676622,533174,910891,543827,101507,364284,932307,709238,929238,84678,827365,459834,838330,303005,573482,308537,276586,501351,319121,979100,580054,149260,377912,192481,933295,328504,53272,938888,333933,312238,864904,747728,693666,184955,880309,328882,605492,421400,263863,870264,492007,369659,110951,950285,957952,723216,472751,228658,484651,765921,341197,370795,862216,175488,634250,897324,580603,841170,232971,419997,731533,396467,859029,638010,298008,341159,371582,634389,435610,262956,464173,445955,116720,853430,129635,814113,883904,252347,575604,759937,700714,419618,722000,728815,639907,819176,445904,364230,578871,478024,130168,924875,25545,166607,740830,328328,78475,658595,660184,345648,454827,738695,682972,121982,451439,558188,291804,490298,859088,815411,252901,172729,947567,252364,228095,772859,172027,268946,233795,205479,214741,602151,977853,550572,128103,427702,81688,959941,508348,967327,16533,260270,105541,513471,248619,344541,412322,121567,194871,771006,556452,774504,387683,91744,276176,649689,369213,808244,533952,760594,955396,783472,924647,372517,475956,918267,869003,29639,81929,126638,899809,851301,245074,967520,376890,407083,668207,500686,962263,194687,997503,439422,413281,274399,382128,721434,753325,588056,182761,535605,229470,223493,245714,364619,975726,882236,167098,738205,662078,128943,231639,557929,855210,335260,155390,403640,113395,871,536930,306026,978974,380727,666272,38615,36081,662028,989045,96520,6284,227074,743824,412326,333456,398448,384056,960545,8977,927754,332112,380374,449825,695137,774764,560980,681251,950841,304418,456546,798086,337059,118479,816154,20415,119358,213514,6510,727782,658683,156925,718009,937686,451445,678950,747265,741706,688977,499625,274184,197578,954730,808751,852226,144370,969796,89803,752972,510860,423352,619589,551785,149936,870980,703860,327891,192612,898502,714504,613279,978759,242159,20405,909275,851698,598736,588406,959770,892802,672771,374978,49175,605807,570553,268441,452801,265886,395702,451076,700845,987213,279341,565349,258124,94853,913598,877540,665052,495228,49575,841784,600544,390875,209292,472447,447050,724053,174878,815471,93607,181321,890782,150527,77731,780928,459839,554945,34380,178114,246279,713350,135862,680536,901370,398489,960923,497858,731693,76066,107119,22792,884983,984539,102332,398641,289146,138260,100009,885740,910380,185654,76092,497026,996042,738269,718176,120500,336399,802408,27659,95138,393445,358397,848236,795864,853929,10049,983081,525693,595178,585640,601326,660238,567470,39873,927064,300951,307833,427230,571841,30418,901399,799561,789425,93302,90945,998820,371418,359575,172788,228249,934463,282934,178344,267688,537271,963478,125053,385478,28480,849142,764332,384914,162846,264633,994307,751780,614020,459713,318574,316739,270649,317577,621495,62992,693811,857495,540822,276858,965385,572161,982070,40964,656872,675266,785270,372657,161079,580766,337078,138915,298408,225209,51438,820164,929317,64787,265823,315797,136924,904528,663194,421072,737169,697332,312557,219929,601853,871063,42211,317240,188822,858136,131989,171051,618876,319595,846161,873536,719612,268545,383804,758056,321885,851153,319778,719881,764400,286944,370110,239138,47162,583359,166567,991136,236749,66627,182064,883542,560216,153453,504115,345451,157825,823891,787853,660562,445517,329354,770790,922103,239942,852688,768412,862834,496262,924485,843272,985043,242961,85276,383104,640529,540277,124465,889776,262156,185273,792684,639660,252451,231445,296102,834901,812416,80401,200480,215708,72602,719183,117399,461260,401222,25978,923585,581637,194414,3309,673180,40203,425852,634854,817440,722278,925196,910438,377353,760540,434236,708339,388794,158381,572421,712898,322785,290756,582936,593218,131491,346077,224140,193883,507679,679963,156873,269786,782185,601880,935586,531952,650927,445511,148141,124728,416454,739982,741607,659741,204040,859707,289403,725919,725723,149073,498962,956551,113018,936695,49532,420770,197995,241893,780621,640662,219120,981459,575836,419578,742254,373142,566972,996968,614192,310527,410759,732644,246800,918852,937411,729953,483269,845443,329292,594146,452439,69680,705822,266914,108123,564778,463998,269854,621431,740160,739074,796652,724140,207019,383754,640207,463277,718961,835031,241313,243904,758723,588623,50382,187485,826939,446300,77748,454382,718563,627237,981545,361254,418967,527010,192123,747342,362068,272057,586080,418283,961008,304206,356212,213199,220073,703135,27540,841702,788417,405708,669137,517923,249971,25693,29354,144542,862367,96206,496188,415489,168811,408451,468128,501013,985287,674186,620098,211313,881393,330074,728490,268453,45644,169635,461395,527251,85222,125987,874953,428694,451050,367300,244376,524589,909842,773085,925813,297391,697893,654811,924151,884817,138733,736388,946537,476761,984015,890593,840852,875455,675801,553132,404796,244440,812663,838814,236063,803263,543067,715049,78109,12546,193872,883075,139309,61905,801047,106452,756116,937048,928768,335098,682163,928798,550819,880328,551069,807475,629884,680861,934358,272147,511182,492708,577037,384214,981497,596644,542098,240062,219117,805909,967931,561906,456136,372706,940729,369542,553628,430672,946770,693042,663224,786115,307157,467326,203317,549918,955171,149901,688045,928286,57054,991593,75930,450291,527698,66560,579709,33265,556185,42246,98741,60833,226875,672110,124854,333062,840700,183239,407306,615363,246234,478122,973489,423698,672825,208148,20455,138372,504718,358441,643831,243281,806864,107658,434234,74503,941543,854134,338458,871303,192649,608524,529078,747233,628091,68103,920173,450731,125908,724013,543382,438245,139923,872637,981183,617416,977568,769857,263230,300929,464666,150736,334086,735809,490364,137175,602166,321807,611093,339005,801977,490723,839291,170917,825065,115034,607809,899335,550166,966384,698970,150900,439573,351465,413327,806754,566715,825628,94810,411568,421240,66009,8915,808072,615806,784755,922381,358242,810152,830103,294915,601197,415911,175967,779790,328310,92411,70197,344030,232948,183287,944530,160534,193982,761075,650845,751081,297611,986609,573121,440668,626881,305398,749394,138901,871011,878297,77492,710962,159384,389278,943415,393070,689364,569911,972498,30882,506296,697390,81951,881677,219994,634497,332155,957087,123313,80758,171070,685602,452051,403980,48710,868711,873321,256457,18119,219016,475131,37079,496774,869431,788436,700321,270125,4984,961391,827725,312067,178905,476513,298323,734816,250913,789903,860930,225277,917890,321484,976126,13326,425253,563387,707881,55409,12781,174095,388321,251371,140930,125697,434768,482445,992031,72728,368145,918565,564407,968690,524533,220151,475425,408612,532920,429822,146288,789604,579506,427896,729664,787318,528523,898724,363550,160919,105371,644835,478587,550474,646334,871692,576774,890877,293979,9674,790677,86207,387096,703248,681950,189738,587365,461271,301754,427758,270257,80208,758277,992823,544888,110614,244734,976675,123588,782710,968883,934293,969665,418589,761747,34999,433213,812982,212720,249950,292073,195275,867679,579365,578169,62066,50103,747561,61630,531865,321451,437871,207485,647941,489616,641626,444847,57684,173120,114738,717609,600542,964284,65423,187485,397619,255056,441515,349203,203703,207034,805972,203444,985392,315514,970809,864433,774408,636592,242923,421164,599427,63683,392519,109074,202447,548888,826534,834942,755108,753603,705166,835393,193488,448734,146270,457521,307176,953088,703733,242063,316753,953135,487529,459855,85219,464076,35588,635775,32202,737138,424436,431961,157723,720693,165106,434110,520055,633736,981281,668543,917495,158369,612502,871996,115234,194524,677492,8858,836765,680319,329880,472644,399263,765319,602917,918326,794433,990771,896634,380658,44395,753641,50592,896632,586045,89583,6569,11789,551683,400457,407337,535103,383416,853255,935076,84244,991171,328975,250285,412027,885968,461828,573484,723794,362679,188090,273227,656114,216957,410079,484713,832705,631185,484027,223583,305216,443253,748119,871387,150614,511096,730057,463897,831057,68691,966686,944936,160239,796471,346150,112849,288230,292664,282761,225841,394437,534652,658074,990752,276341,512679,595593,616645,25390,614685,106209,282562,897013,263174,19458,972618,456558,316356,551530,561375,635955,130315,443108,977622,435657,830030,212473,644376,636426,155311,640906,477697,38932,534939,742914,459222,876575,53395,507390,689182,147117,949960,950365,271203,901772,179796,107242,404220,392353,412124,150689,947358,606220,222876,499961,676095,843172,607489,371527,401056,188085,73044,726257,513906,799783,879847,957440,284954,76299,196918,307090,312761,193470,950154,429031,877904,967981,373172,913485,122264,697467,623487,454491,663350,140122,218846,424416,146167,521574,869586,862608,699119,957381,195584,276640,776923,555093,798782,9735,740484,952985,852027,533116,364055,556856,380404,434769,746163,113064,550032,811450,518203,18174,623300,77978,391564,261654,776056,783184,621307,685183,651599,753700,52996,332356,39239,140761,228705,968407,430052,471339,192571,202676,605382,91207,807,536683,880329,596839,504132,690569,461582,698073,221439,37764,85581,53930,575887,592034,128842,536383,616772,830695,280229,793549,697907,450728,900645,180989,614407,481823,995614,102184,647044,945849,453241,367448,618255,581024,861500,876495,78924,576176,530323,72092,834746,903955,346507,431681,81402,496701,572420,86332,927720,832379,584545,93151,752141,856376,528355,711424,668996,451195,644926,957308,560849,574450,160607,556803,888922,590941,774105,751787,756189,952616,774748,66577,202853,786691,958784,629878,623728,39687,408030,728660,792888,482175,293623,313331,239,591477,592681,472758,390337,942893,80883,803255,280062,587732,306568,168341,591826,877796,707338,496451,315120,459217,545147,143707,377466,629423,402226,462082,920962,88476,563183,197270,126337,761572,694022,445395,687017,701961,417760,516972,99295,376329,841369,234270,315728,296646,356402,31343,309924,986180,957719,167331,635435,761671,859312,83779,985480,677288,912228,203104,101122,789481,888637,716674,462021,79820,740678,292584,979112,586903,802322,66328,990756,242802,475127,556319,367573,932967,325665,948096,279751,533139,79492,928905,189689,737755,186153,972607,310592,974846,279058,246839,838372,157060,949609,48232,716445,95602,421943,807959,907585,65200,104621,152760,678865,981594,934641,378860,661385,350910,513068,449434,938107,914876,395812,994579,340298,38933,947491,605597,265938,164616,86757,400834,485894,27398,863762,303702,293857,130259,646534,377562,475608,442336,842649,368340,37858,121212,892922,700048,376813,40480,722615,233039,182308,352919,853114,689672,662468,472226,337379,721402,246293,726558,556755,430729,405604,178463,34000,803359,651841,653105,423908,893978,946221,893108,623165,918389,426252,516124,448327,492797,823608,800386,275306,145138,37482,84578,843573,904089,732770,189243,899977,504838,206402,662520,885047,243423,9125,400064,73686,862546,714049,861764,16440,207457,986310,682161,246990,667434,799434,275633,875632,972274,859466,395883,934989,82266,828956,805790,138142,7320,782512,229695,546108,675568,439350,270201,832243,431633,21436,702463,557482,824830,685441,838641,478408,814001,745773,366879,410546,927762,406876,270107,626718,183143,362153,465451,795053,59621,234372,752772,476638,998270,854481,286492,293614,646701,188208,866181,37106,428673,684239,440533,500243,173192,259272,445065,987651,82901,859561,894901,777697,277922,20680,340306,231159,567221,513117,31089,379787,703123,533630,523773,248845,982100,877600,720100,102391,260772,455552,466161,863047,896262,946610,123540,413363,813172,736588,268461,123698,218404,927753,934281,35624,993917,533749,954231,699197,550218,247599,397779,212348,654158,963464,19099,562222,237570,684177,509656,228909,414045,824261,947559,642018,611604,262603,567315,80105,612839,451211,364203,766778,210897,36494,530784,184014,791641,294240,934758,78557,305466,295326,317062,647155,599104,122154,715036,659893,351698,209715,303287,404116,824418,282050,193536,730793,577406,979335,976539,892885,715370,627961,26368,491397,420212,440105,564524,317498,319613,577003,437507,158053,62555,226669,845877,848921,655858,650984,929216,961389,193406,360659,692389,101518,682181,784507,375039,991366,459403,783623,569113,412386,859457,728552,247361,104612,871860,753154,388111,246293,460754,710980,333227,85862,231421,406832,425251,620780,895259,479673,767823,705419,409194,903099,679661,51365,117170,975023,373554,370059,193080,543539,817117,247537,893772,866199,659419,889335,775112,279649,479571,959166,41689,512474,974638,750434,342530,992902,727014,395381,769589,329610,813358,275273,257045,480628,888472,441277,988092,144067,660334,329983,941153,731725,752700,309556,77256,741174,723359,130937,309967,81554,935666,459403,184545,784060,564993,855999,333172,503651,461962,12931,425452,988431,977692,28666,697165,318180,493697,822199,816571,851141,557872,445422,682668,923223,949172,602050,560855,878899,336400,213357,554937,151894,256108,811040,211480,972955,284078,360989,654408,592915,587846,506223,455131,613121,711830,834149,29807,924442,732535,477658,117508,899152,653759,363275,630202,10741,135305,280728,344380,720337,983813,550450,431770,237868,471677,332573,641080,319435,876580,180904,12586,427940,545002,670557,951099,279164,405640,181960,24709,85093,280699,249758,182714,582427,119032,747840,242762,283666,59524,93645,45201,371678,612454,405445,550786,378812,407544,226017,47983,573331,545603,558501,41698,669638,263779,427550,200345,291832,733097,348786,206796,963354,29801,821540,104797,610303,764103,243541,763909,285497,585053,561987,723188,72874,693202,766551,165767,458318,225501,97147,961193,445856,273769,818173,123477,715460,958047,255601,212977,660438,146498,569507,54026,265205,556731,634531,162087,674847,209208,221678,840743,886954,947287,628704,268838,67001,994737,703746,294787,140200,643113,778074,83077,608593,967955,793976,625287,580470,168293,215725,795915,760955,69770,343831,841231,203659,15719,711835,667606,816684,93766,767383,493980,68635,993105,801732,327982,289169,916471,918781,352581,877370,968683,590327,61020,227616,706551,246987,281191,251026,39872,429512,756003,169935,530372,162972,76637,401057,723704,163011,27703,518087,863475,987940,397847,436271,820421,604794,661347,203797,898079,598685,430612,295777,617353,674271,871725,643637,237207,32194,533460,82268,640277,875466,97885,904494,384278,211555,476037,260557,497168,555133,65681,383160,983641,617348,972725,516280,453392,70307,613115,77826,885468,268050,877150,223778,634858,950583,686392,720969,360528,126809,952759,153687,26490,459771,951543,366334,49637,497493,454271,201624,235094,192670,842740,576311,773994,885211,141021,920423,853306,91741,297478,528342,342659,111454,634945,64822,623754,205393,613790,985818,931077,638471,729107,125217,368256,957668,204943,869815,249322,942309,629670,854291,119268,822099,814029,544310,188499,911135,268599,969443,975283,960028,977475,680538,937221,947630,811048,857433,377667,509822,20110,843641,389657,659908,567183,749481,851675,77145,503524,807475,735581,563169,689301,965568,588512,425808,777561,343198,573414,900230,382585,294363,598624,51980,336204,423133,305390,797182,568757,229822,88829,21818,788749,935534,343288,598809,278374,712493,460675,367311,681940,666204,759010,846172,600391,837372,116886,981374,142430,493713,781097,784444,999386,190393,34991,725099,851395,455298,266800,285996,7784,643072,512294,818909,623542,251006,928567,242996,26591,320183,831014,444433,292627,354462,829937,536869,142569,203536,610014,455088,105662,257814,370301,388056,518349,522496,107134,917744,437155,190374,847464,306220,235698,674030,799310,147432,577655,763550,158616,839671,596625,841115,631283,114399,81173,194543,629977,832276,452464,542296,984225,551,284139,757877,271447,912880,503761,584246,999235,619648,883256,503161,71736,284417,449001,658608,23313,433566,858621,337563,541399,418867,27260,43884,712629,677172,320878,159374,900116,170495,200396,352938,386914,233057,612381,879861,88922,436584,176521,862588,24149,13162,598925,359311,760505,201089,186235,171140,792457,363004,549252,81704,18608,907344,478677,519483,211179,80380,280477,590175,76298,95782,438804,169090,200088,105617,569023,295769,511330,709791,51265,663828,753956,559764,269460,770677,521926,658232,449589,177769,14434,1772,905312,466427,161552,987276,349894,465338,136241,949713,277063,870226,958507,189386,778238,359158,683599,969014,139787,309054,203121,499979,117913,754301,428463,349501,892976,762144,528320,454496,832158,828440,645835,851232,637315,149091,942830,146942,265752,767007,247604,199666,32781,784661,788935,594864,937254,537632,283746,474427,273699,894990,700148,112329,501252,623709,255074,344279,641422,645568,957854,782563,501388,105768,38419,384363,415295,837279,989938,545088,423170,37212,290239,386474,334677,568987,166089,282987,757117,811154,162434,449400,918860,911710,827458,741005,442421,539449,461470,469594,596784,463121,957335,125250,749970,329836,581892,109726,615478,279392,818724,109513,468228,634459,5040,354261,309860,93395,446635,451845,288290,698316,714838,88170,986293,351096,148727,568918,348841,427950,443654,399680,117828,235673,427403,445033,678838,584055,687404,557329,676996,528065,775997,739855,683711,818108,306495,798870,442052,604550,691379,982311,372437,315400,493856,956958,175571,642901,364929,364919,367127,771510,433746,368086,435766,871167,561855,240237,501382,806190,415645,195895,501708,5922,72925,701450,95456,459856,275180,526578,291403,553120,525281,326916,13806,151026,702785,238202,46278,165969,430466,422463,705692,814825,658010,399355,491281,278915,736761,255349,725084,253029,749975,186897,842593,945347,564392,387581,407362,304155,923955,746513,618238,352594,21187,539397,497654,369152,250458,218430,459709,48604,637402,770627,730896,841996,582341,579561,157385,69596,554601,358035,167971,621630,803446,129837,441184,648876,822993,590561,976236,200985,114556,818115,493850,690996,303169,823998,114541,356002,483031,560946,549524,64594,663205,186156,376907,45007,325976,769134,532335,983466,987638,428489,914268,178012,650797,343724,906076,59317,403412,802345,829640,622479,511391,142795,793677,931552,458704,973723,564704,217773,717904,462449,947734,397233,212327,176186,144471,4222,528710,32174,965682,307199,296219,105772,408457,684636,594146,802995,295459,309342,795664,933677,653789,699716,663485,288622,198568,928793,234313,846059,562161,758567,729697,135671,496416,967077,277916,626723,56966,731928,699840,872668,855558,21420,141592,133071,758465,392291,988338,825791,346512,53605,307512,114102,18576,126313,106297,963157,413795,514036,888991,184635,657121,734757,659485,707284,943065,649645,401662,341098,922636,170530,705460,159459,11340,575297,787788,503933,331695,982363,543300,609688,49542,795292,587416,465175,56987,224412,39962,138530,135769,524343,504475,400911,557061,945576,974152,691096,700618,195252,985780,956296,481251,750919,61306,475574,228371,732207,538021,27570,281430,222157,832748,423159,117186,966204,625482,724266,143681,963732,844336,151509,276678,777527,533608,561853,533001,43649,46100,140943,219731,404423,778751,224746,786905,52439,564318,828017,883354,975858,692743,40367,510299,612612,433429,539411,753462,569443,23247,591537,258281,407137,94754,526233,131165,853416,607869,662829,594822,24137,656111,136828,762098,129190,919963,380928,375483,913030,246855,276485,429711,633657,165421,410657,31710,172298,834326,588972,579746,178425,123009,528410,769175,642629,873093,755864,33592,556301,91067,818166,398389,979895,502363,715227,202828,909402,720692,753885,965013,536778,440409,166455,67593,663747,450174,701814,579877,121462,741458,460899,566634,630706,181243,486098,816717,227830,492448,219692,456758,651158,183371,44552,744395,944311,286379,248401,141502,570373,241693,843327,660615,484642,619249,641849,661045,436776,356028,393728,485498,265958,147164,227464,886612,61700,785490,892333,145905,774848,529422,559558,919439,899294,986466,167022,814573,672681,823663,561964,589212,802470,983748,87760,703954,937684,730121,385843,627197,951176,988751,453610,443281,535879,34601,341098,935052,120809,515351,191661,9961,759232,387970,188981,881407,185701,493578,381542,3285,58998,787981,978727,161656,464814,564010,340804,180846,916812,308131,554002,821306,505111,914053,745003,823352,322796,64946,258002,401790,97555,740820,511285,309977,739266,78189,413704,713528,838211,194207,670280,266507,410943,393181,696806,616010,763485,247762,266416,174685,322554,712266,433430,192794,733676,675761,776094,132500,216996,12845,799061,313055,618163,421565,904985,200955,130415,827855,323317,105371,119609,39800,253655,840090,841226,287079,368730,339854,686058,887344,11413,311851,834910,396417,733628,126984,323780,885014,236104,196913,343299,493428,598207,628339,970897,967949,968491,801061,112144,811037,927591,737539,578206,307374,827791,3279,401338,544349,847987,316477,878140,504734,737034,349231,858073,360788,438854,230723,105677,642992,383546,332726,826522,670220,387582,503514,477633,50166,778551,15723,242875,596833,305558,89488,109489,34446,96657,77397,741465,899587,240151,17169,858588,480960,112419,348016,204424,280277,95275,958174,456896,26115,42721,237219,34344,46353,99791,431464,227691,902893,167899,427408,519157,928697,726438,667418,619792,44816,923960,866310,671777,853242,750617,962567,49429,71129,340239,154089,458452,59787,458629,936469,566221,830151,892950,704648,431918,553244,104646,736351,398725,17679,336206,195277,626833,531398,733543,327542,92627,120011,486750,451448,834503,682883,601666,885761,737433,941732,687041,88660,153115,83535,646160,588981,202609,900947,747998,789617,741524,65496,873807,194155,709165,702460,287881,374762,392509,882216,385444,432955,917196,166833,636481,571487,529269,182145,54530,477532,217317,843859,396449,390999,651021,73675,482858,558964,252719,820175,183257,412102,691763,33587,716909,262619,237969,145135,476120,122592,20510,276458,868654,45917,449520,622271,507867,556106,344699,866609,892634,823135,486278,665558,679068,224829,324466,989607,980810,886250,467546,183183,744875,252983,88359,741169,467238,77114,483285,219732,713461,511045,854776,625105,943126,528295,927516,104129,682263,544196,392371,127084,626400,320085,240939,95319,285453,877571,769200,389293,782651,574812,278532,112571,424776,26142,731838,110718,939486,590774,616329,761708,601097,231218,86798,586795,555796,62033,734437,637171,480373,271574,104678,827598,556239,507666,417005,281669,626650,568493,937405,273942,840893,268626,327337,614579,229521,981893,767110,429225,924867,437967,220529,729486,133198,438984,167080,920057,404778,494387,959036,965580,103921,184024,820707,964205,37489,13762,116863,391464,518582,703614,309483,728799,904289,666091,836796,691710,893938,117409,697830,949765,865084,805983,153935,794798,229830,901918,364575,134256,303795,778828,749413,800409,837789,271329,97788,506091,816925,31027,167964,164119,987192,739167,808717,713946,312838,582657,114689,511731,431647,232161,876754,164247,1197,277401,478264,718853,218020,266029,104231,719536,876273,774616,652403,881070,737892,376928,477718,544388,30457,834036,952836,38837,471089,8408,693515,916139,701601,550957,670362,589458,110356,445800,358638,946599,196416,464987,611188,277392,305799,747698,6463,719944,661222,976145,867026,652795,127629,560356,329686,677432,81656,882450,699523,590216,622816,988195,741426,10063,826278,543279,85994,547608,990776,821796,819456,53660,771390,575837,460136,784090,60808,114664,660409,192792,37647,21095,291773,360375,224050,361031,257881,155946,60545,252645,660743,39592,885457,967213,296508,534650,718491,35823,295316,361535,962586,593933,858016,903189,446662,866145,148606,424793,793201,840725,790878,503221,816323,186051,84309,907268,267603,503320,386049,631312,607964,937169,745348,324948,59778,761138,935389,15304,348454,540106,514968,808054,125866,93940,35345,853811,466244,335569,401420,52910,345544,470351,595621,11532,517858,794305,856578,774583,182082,691080,221995,872445,204932,958530,75811,242775,81647,193284,515044,81027,214792,973213,911974,445627,872309,946305,113026,427840,892017,827836,410736,893505,410098,345086,369806,705714,12559,390036,278288,169479,139117,175216,819153,664596,779783,452491,28371,622846,265749,430732,830268,59301,495814,971420,490742,514208,498179,351481,124090,412493,496016,237387,408483,949321,113535,808406,334960,988515,476784,4291,624486,983477,25478,822731,701260,283819,462910,138963,424123,853001,195734,382964,917862,383324,67206,199529,16281,635835,244928,599828,393888,63591,224942,554389,309096,89479,649568,688637,967381,442456,704840,147218,20680,511655,241666,326703,249490,967824,257845,916188,416556,388285,137308,995453,117406,556627,119508,492310,758571,721266,741423,605435,581919,894656,597278,604263,488660,542472,440575,553518,232161,912850,402362,566614,383262,12075,150689,208629,422441,850277,990592,823779,755471,274002,944514,748088,797350,930590,412952,992772,269382,984318,974986,627357,506943,907998,610069,763846,648003,895884,813618,672315,523661,979361,674751,941778,133714,468783,94359,361301,487625,802286,353729,867225,573396,819785,250569,984421,465286,496821,934428,170336,386057,690956,723299,723906,273405,260574,120211,330731,94045,399265,994159,871034,705393,652775,756754,440256,919561,513210,385823,286532,373212,748976,67715,185424,308308,731562,456723,807228,773567,116913,827814,706341,611274,864806,815947,262435,518073,307504,767195,571580,286679,711140,917734,598283,260486,807605,445473,360240,959350,693544,78174,421441,31655,626628,892531,811415,419427,227169,571854,649988,609028,448542,185913,329320,698524,107467,563122,723183,278676,258674,102862,872350,528956,190598,600510,300013,135168,292879,65082,666973,702886,896994,528172,990471,351559,545338,885718,303595,417572,951494,48166,841946,540936,52777,717221,397489,404386,967718,212538,577533,53045,699889,302914,399671,944194,292957,333457,939251,71242,932124,844644,391518,225159,354247,898221,481728,950354,856605,239678,514819,56540,743741,248184,199999,451601,716229,268389,269466,372867,825616,780072,657538,421905,910257,174943,4562,708814,546507,350674,687913,231021,886885,343822,567123,176570,894148,595663,636815,164854,495028,64589,930614,421530,688885,842918,951136,768669,542043,367181,855801,169162,438514,800785,669745,860788,126440,984368,368772,566724,187039,526021,71148,39366,842331,1546,680568,99829,655033,388419,280145,947948,799895,466083,724518,657277,828639,852763,147815,715195,247091,394573,562685,816460,440767,245322,370020,23527,481269,840171,800962,990922,769153,897667,409353,26207,834946,534295,433125,410098,848944,268596,222994,438156,560149,366146,659565,678973,698832,793120,965546,97572,737361,147969,343145,507653,270821,289899,200276,390510,578299,865215,968264,555540,153244,770800,286344,300400,832445,34187,592253,170332,154984,411166,221504,927127,663318,57925,603256,237699,616677,165855,641261,274035,620086,313107,509237,99068,698402,76048,498046,868284,909057,80257,992034,374374,542861,188467,77791,765570,835132,764348,386102,124864,967727,350736,639668,251156,518329,884229,452214,787173,162416,706107,151743,503225,814089,687628,964805,341675,762983,724488,645853,968387,389792,228300,758,569169,574174,255458,228541,676223,342672,775411,967382,482630,913782,524059,238648,262769,728440,64035,148589,624583,822018,972891,850044,142632,620338,211179,965518,315472,405113,147188,43826,328094,349871,115807,484447,638962,354437,73375,665003,261735,440771,593555,60865,193454,42416,633216,838650,162310,177202,405945,39231,551296,710034,452682,561669,478793,865848,352121,336325,572933,360646,30879,112472,61034,62169,732245,787177,953782,982624,616743,772616,115972,167189,918523,314136,86804,838927,667103,537886,348851,778800,777677,301684,884537,40115,213417,347824,490250,75661,553923,103317,437292,421123,322789,597247,844482,359038,422886,95669,327936,904470,715343,401607,279983,513797,16361,710891,112685,800797,53851,790366,41250,328285,102160,507006,420406,309312,811779,353700,453606,785881,202153,812452,153720,909074,147358,806024,384397,184048,316035,163058,49809,714284,465186,600479,992847,96294,958182,964174,975197,106973,943895,118970,927876,418087,461235,517997,328323,390526,460140,959306,361917,893436,274979,829389,409054,953351,697616,43794,112347,463926,761199,826790,110449,766368,550352,101739,994732,247425,955226,945232,288643,252710,802987,75273,83388,906486,865641,826720,615399,453886,310892,135867,23845,798240,946868,108282,130297,537832,746129,388569,283530,524001,425163,919518,988126,416452,142175,18918,531894,138260,531199,599150,989078,253035,200780,971148,580330,959337,615930,555972,915495,87357,985250,355874,148020,276975,995133,798543,809770,378740,348402,650244,506957,748480,69718,510769,263140,33847,858341,876950,707828,924148,202099,674322,160826,647056,938257,709926,515542,518523,831923,369789,952127,758547,126229,680028,13055,173255,394333,362352,117606,708816,406189,684569,747950,791567,870974,601032,628945,405556,923288,747953,691971,447044,5152,147262,514451,683687,461593,242012,183345,34239,941075,580030,988795,143053,954824,314866,345497,245854,907018,399446,818151,549450,173553,780364,222295,526140,270631,265970,780112,242525,135390,684120,230946,406801,108211,154048,623686,689581,901871,860644,798332,860938,121279,482148,74202,972825,858441,427259,635273,612988,385355,443918,685427,482115,411773,694676,897413,936298,902990,601338,353012,838272,65412,108750,994552,276510,552418,61216,826063,973384,406123,153693,285372,160934,794068,127003,462768,929299,682879,907868,661670,7893,469073,461768,368077,490142,47846,846368,334854,128813,481930,811473,712014,601172,444301,336207,67744,451164,291301,125177,356543,16208,234464,630664,902605,713196,532358,580958,92479,702630,597458,675574,661173,184331,45461,540862,115043,682631,956465,109306,989461,784395,75604,78569,401783,462890,360495,511701,542259,564970,307581,480420,456056,330966,916350,593950,358539,336199,665766,472222,357533,934655,176757,380353,981541,948558,327910,920561,538124,186808,63567,499193,414709,220090,931650,583793,303176,715897,452553,438951,193603,129741,101154,123661,484046,887910,730481,759281,890314,619462,399937,587352,161787,967865,671457,72796,829692,555339,507843,92734,901079,874712,922355,504029,928852,621129,789444,105004,257764,385107,882048,350353,734879,736658,435709,674814,66148,475948,808627,58652,341448,246927,365854,848055,482997,523796,841424,705133,819311,312543,355868,351476,189908,553434,607690,67384,758665,416652,865845,560658,448882,135758,770852,91452,344325,990776,324203,341976,601465,430345,961423,931071,940642,572293,983420,511994,792506,634862,140718,340043,763552,795366,150863,651416,909514,978439,312018,838754,458223,120338,117831,143744,535912,133464,612964,787170,350214,865840,492045,461336,874537,499158,969416,728265,27672,403705,753705,348211,453047,984270,757970,268514,264258,233842,7195,801540,993717,602683,52027,858688,991365,143829,653976,299312,672947,825853,23596,765070,616160,319412,237267,621640,38111,890516,645435,614348,243478,33505,718099,7181,724848,54155,104011,748830,584806,814914,769089,544240,905491,437112,593292,635007,964301,224263,722198,860368,88217,676059,885211,412503,235186,485918,110490,464109,586955,324393,16336,269507,643781,1535,635324,11685,168046,734177,133457,174815,52327,450924,945713,649539,980164,909029,274704,394495,172279,416194,524160,375578,433932,471358,91353,669991,444898,909948,90743,860509,228583,306302,887006,90171,86716,550051,460784,731208,531526,452466,947314,529879,555265,865869,173686,830823,9233,334042,75154,641363,119996,568450,136974,106018,958401,229161,280031,663166,746088,189463,394220,643164,43179,381797,561325,186656,712194,642157,908237,931188,535267,900236,695429,491915,317234,860520,487204,638040,733086,546844,494686,465343,87435,516416,24856,566529,705247,909239,361679,379366,994623,942448,768904,206153,967514,927639,140497,391325,611283,686868,436177,567948,351118,139240,782168,228608,489592,889445,268436,521898,460948,97809,840700,354609,864579,859350,441274,456281,312407,839816,555051,16814,612703,278592,345634,684571,206020,955692,327291,367148,425101,797900,57243,956290,208395,88718,253907,61975,847728,742204,397620,818068,97920,914088,665168,343809,329454,850564,613423,440899,583774,368077,618331,503492,4556,968985,816625,380771,923832,572724,135757,455199,526224,430973,78596,24202,308426,923742,916107,510225,829958,862986,109953,688699,163219,519848,518155,445919,994334,573076,369752,219953,42899,596872,605896,139950,366955,502056,560538,185464,642474,933331,696708,119411,751002,44469,180927,632973,576795,171724,983001,205421,54502,61374,175136,492683,589525,13233,8096,72586,654260,575362,158911,664422,919898,713530,861053,547703,124428,330749,898930,669146,671072,263513,408856,955772,890958,423087,778791,317326,256445,356670,15104,100997,683568,732534,597699,509754,276484,681763,767929,156090,823366,862405,256157,715907,747835,68767,834378,244372,714902,967558,494105,380564,982475,402153,747134,683755,387289,664141,694471,370125,543049,414674,26919,225540,787722,360300,376325,410243,8830,341821,118893,590014,762576,957511,6682,227824,726975,695956,431566,486321,587622,233214,825266,874066,568315,189390,601175,902877,664161,218342,505607,213533,457928,559118,847720,331792,474536,921057,451647,604830,119691,587960,219395,894806,546593,612495,177816,292942,269423,65205,840077,453398,898614,414907,795988,118018,49849,761360,450025,927938,991671,345087,498327,255379,431250,61832,452451,722894,485853,438993,218036,356336,129352,388828,68700,586298,288378,515497,584025,709067,138853,372622,177043,778309,390238,255339,717493,118125,651415,221242,192084,577706,617289,21618,193256,292052,871112,768270,878144,589467,260915,710586,587855,853037,926330,739609,700560,35944,691481,196640,948084,524045,711442,167576,845971,325695,710645,835618,940720,646856,965687,538943,317723,170694,12464,640283,125192,560163,836904,4708,55520,447359,283895,285892,371130,222866,176759,11804,802309,481491,858303,86356,596687,487875,557739,335700,918664,558825,623551,48318,679739,560102,169091,811008,209245,218119,808256,262844,431720,520816,29776,890999,86741,835001,98791,248754,369504,177744,878427,427848,572704,269962,402384,956891,498031,432343,220544,824538,307271,205124,587247,996592,991864,311652,95489,288281,45497,214825,383644,100945,810094,209671,556785,482991,8983,220106,475206,396798,297555,862216,302564,253199,827502,88294,862143,675305,279451,538801,369822,197136,19354,220150,653794,944112,266711,433171,957333,905925,666073,109340,619170,138694,261602,965272,655893,121930,754270,383803,721803,904595,80081,12791,366886,979721,139068,208221,917210,513049,948780,524587,156713,685131,345575,277286,351670,465230,944271,172099,56202,811024,215881,994271,490496,605042,152063,675054,716719,8998,434880,333444,424678,688275,400289,57927,246516,217846,343938,452580,407765,476882,108276,299790,408848,915286,534713,247294,578266,958835,960958,90739,291197,885025,553082,861612,275612,758626,20426,81925,297756,187911,358228,736487,993137,255261,981407,122512,995132,602837,592813,703704,857172,671400,116200,173558,364333,615372,378318,934546,21736,186010,28941,527944,24812,147909,829016,846860,39243,788072,15416,922539,563102,175,753014,472573,826651,680922,91487,514211,275502,898716,594768,66291,74949,401334,632568,58904,13030,75802,456637,54414,224762,875522,411161,312108,931495,518293,60192,429700,668682,144619,924667,549181,951768,80163,542257,83804,383599,970239,353847,214124,425034,599505,849740,304127,574290,43446,675524,671725,11767,267692,646867,848664,536120,255683,910765,576521,662061,329862,736238,261040,54069,247736,983440,529652,190056,684995,278775,254248,392659,29342,297995,438706,365853,809762,307221,546266,733857,528807,892955,853851,627831,935815,332901,322102,436583,238668,998487,678218,829255,383442,883769,683828,898042,882503,141234,835826,380120,524254,370129,377741,463885,291530,985698,9585,199807,197486,221328,629336,777403,572668,434667,845543,796184,93243,297492,872360,655787,167038,670536,82963,364143,772255,279669,392650,282174,201176,443266,806729,675842,560519,970925,548430,866689,687092,176594,654032,362788,282837,674123,637367,135229,483543,366421,862046,588041,643646,739410,774589,484794,874014,119453,886016,239746,86070,411852,890027,718704,368272,588509,647885,876918,207015,450275,219940,430198,561169,327069,57609,363638,644592,601355,393708,753735,931276,634445,26570,109853,256648,551891,123083,952488,311764,845031,136026,842751,327034,205521,21856,32857,113360,42377,819864,52838,361658,995372,558313,357724,375949,633972,688279,233892,494626,939552,549298,903568,559106,225104,122313,6081,758066,112970,750326,999583,447276,352942,963418,427649,544743,779088,247508,335464,991661,220521,514187,564720,650982,353785,161058,514018,372957,810946,246395,499710,220591,65926,250321,332803,293439,548065,916145,406182,302679,168899,50104,455912,894014,802194,260715,948024,893765,140815,397556,997429,480914,691143,594623,253540,188770,867551,507207,258407,284250,981356,470598,599563,723414,834574,209473,428395,157225,589982,904181,545227,936567,696111,348538,141704,913119,105371,715477,602470,375492,129681,268147,337968,830986,879180,781179,281784,275637,944202,627552,938982,887682,634948,657093,747065,400315,909445,991647,44258,157323,908581,178638,44294,778666,550137,518875,89016,41107,661680,395104,946678,955160,945630,979838,686249,949000,402195,406507,92555,161761,887000,628815,363717,503563,555027,184353,585914,378272,699725,21707,303648,952938,747249,848896,512261,657149,934020,482047,862785,808868,754088,849321,562884,895796,270810,827211,611845,611337,395627,711717,56571,516396,391789,159883,190982,734341,436618,626417,62500,708128,168281,872522,582435,785878,773973,856885,723816,164085,943847,518636,411299,383496,322677,566291,211317,543882,366614,877236,68362,67701,964683,509568,24800,723542,239890,683694,801977,708930,703863,407727,198568,526945,448687,339277,47519,291611,134984,987544,727752,969972,203441,252181,523238,713534,125833,371054,347418,56546,546195,839131,794997,567434,249341,493864,277290,418907,858376,828073,558116,434166,10333,979803,714725,24940,236518,747001,610965,463728,236620,344741,149907,567570,789996,678252,956459,782001,268571,246727,522642,308614,617534,718488,27513,47773,514536,844044,807120,775196,326135,638189,482503,964450,613920,544073,215404,925305,767949,943976,602212,786621,990908,842341,749700,558037,982906,278761,200213,938880,128945,878217,163839,107227,737279,13465,762244,574482,627515,322204,594570,189637,414676,144588,878205,622967,308777,606491,897450,144749,283197,450627,997305,37685,230434,2647,27466,994733,99786,827355,162495,948728,314302,158863,85413,99024,682679,822720,544840,192871,675976,946116,936778,709592,141391,633521,520132,361310,715611,622590,700952,559818,638650,959061,327668,99077,4650,269456,741754,123361,225581,761030,229935,770537,860071,95491,818141,433025,85010,358819,313604,186434,800880,894974,62796,457121,521733,890999,63550,927963,285414,940461,106366,266524,999120,939370,230237,332349,306937,258785,660177,396414,846986,327822,316766,673704,96319,234031,690130,578634,815984,813710,535483,430092,690025,788102,678247,585665,712917,264119,382537,289249,61285,513387,140346,688669,767703,766025,968452,780983,714950,133182,661363,312876,642304,120503,249855,953074,236692,668875,128330,259820,169810,861515,698009,829865,171678,973946,241731,525093,105433,202440,765651,822258,823189,298209,675035,345677,313228,541162,286613,487261,712067,689218,830750,522592,114998,627603,148645,211189,280619,819113,230150,591422,453539,122450,92696,975867,662534,14223,168583,706288,218840,214253,412566,696338,604051,441371,212803,533183,323732,595961,220543,243941,206985,483632,285100,49775,902403,157735,717373,366694,502900,615756,45407,685008,625535,108276,679097,420457,571060,185151,668738,902687,741209,704382,457637,722944,765100,583898,865712,538774,915460,580567,305256,423718,856605,7837,270865,913618,258923,540875,601431,421677,190691,98419,897364,521011,637454,212975,530540,152259,450580,828469,362990,443894,589824,338516,940660,849307,926981,734781,41562,188851,658171,340825,891919,453101,218913,872524,243390,542108,404213,815721,852095,572568,911297,644612,404211,910994,973193,975706,240679,499769,759503,530474,542034,759251,462661,21984,293458,619089,982762,459642,790946,845262,712371,66603,962137,612838,586573,900131,307875,200661,467594,326247,943458,192542,627849,767911,237328,164042,796942,989527,55415,105802,494399,229297,386680,303131,831304,2807,753582,255889,986025,496082,696959,567288,361125,431022,402848,402283,593715,39250,862178,792176,772740,31326,878041,999206,47241,993455,457541,950181,334366,711227,482305,321118,178525,182993,639578,619867,571136,961044,31643,945177,838753,216373,967969,660547,845891,843194,475079,851423,691853,890334,746532,794863,648369,924890,406085,375625,870616,542843,468801,769363,986275,230880,503287,332888,685194,87556,146737,404369,229341,400321,64369,230589,885898,142297,21781,701997,377858,23585,891503,587126,664123,819036,701476,93556,434583,472725,813202,763272,89977,644772,38328,247809,551546,314186,692569,759244,937798,10412,625273,985502,41332,284748,294181,130613,204767,55655,397098,301196,427278,288235,19823,656075,213954,490548,813143,524394,425756,27852,779438,26886,87412,953326,990140,3756,745820,182234,804925,767480,728029,473301,118789,4765,509637,782934,205804,125922,595433,480153,410081,129561,5529,918313,786785,47546,446183,789649,750486,180789,315489,398002,322100,798253,863648,287185,454607,291540,520464,607262,432691,940726,13765,162171,684574,24698,173554,796786,436744,104095,174862,143028,804193,312667,893300,520806,195906,737874,569531,607016,749098,242373,167652,195722,116330,423062,820650,128778,540648,198179,184767,307122,710554,20416,903718,648285,582121,558834,139879,591921,409498,161284,604424,726478,888423,604039,836742,475254,850822,475058,694408,775209,110676,819145,302474,392175,645731,227149,340554,241368,875787,177052,111884,131825,929405,290822,939047,897206,189003,351923,990529,996555,386862,91069,523154,200627,654045,85456,82930,959744,635723,155829,541270,964470,8277,821010,194807,798054,733883,293887,861287,218616,311744,910395,134943,732211,40706,520168,93965,923059,993785,492140,94591,635056,246749,848028,516289,920542,411337,4737,70569,283987,628358,87763,77940,834559,637466,979732,258734,698231,380488,462945,263214,996872,564683,661076,677202,186387,216008,200501,223734,895485,35255,343802,696254,70328,419798,280681,498339,52005,303713,518122,985887,892919,273496,591836,994808,176582,255268,866099,342544,415005,535158,53063,983057,442320,371477,292857,917329,858496,32848,977323,649132,941836,599285,709025,640139,585503,389626,722756,931354,644438,257276,767993,69619,429862,395820,431326,259587,186330,643219,948475,774627,937326,995573,648093,375156,698278,361654,21197,250464,183261,875606,125917,594888,246744,29642,171606,754697,921194,962403,147647,365060,282337,454981,601000,54095,973540,873633,116185,791581,343390,214087,742905,724029,136367,148549,255524,231918,5091,164994,905413,56875,952319,111098,584595,52833,808920,506806,892966,437570,968566,327989,152657,994650,381071,312556,676024,659193,144035,76869,189644,411881,640204,359723,830426,250539,374228,792623,601758,379557,411291,348926,612760,115189,901093,273791,403319,519919,103661,437787,312205,471712,96250,940838,799304,320534,925229,280657,402418,316272,497752,321884,481628,217611,887303,351264,579642,592626,429490,272238,838868,562839,266601,955510,847582,744405,754999,580257,190523,812631,780290,744960,338916,668087,611663,732149,498357,82223,808729,941464,139829,969667,37424,219858,402060,517648,701777,453824,384473,600235,690501,172403,539778,619468,159122,667017,288315,243171,581652,223520,359288,939031,942814,888542,328456,992521,305976,867803,884985,388671,442280,430947,321941,951737,410119,743173,712465,650163,691555,809889,984267,982542,168635,888776,299157,444445,39980,999053,539183,569486,720304,484776,316865,713620,572237,364542,252083,680166,796881,483868,601964,525894,72204,417815,47833,832598,658707,960653,800594,847512,857742,375639,721445,319269,488868,703785,27839,956506,610209,832454,903278,195969,695522,916231,848799,679693,515454,888351,603633,295465,893192,872614,120945,561402,421501,140675,456980,298297,7438,59791,254446,61596,32550,422255,761739,810760,154081,589441,209202,59733,356447,117651,846288,882460,368830,842917,929909,339002,813406,252665,539404,22940,185010,505455,285295,533190,712437,362426,12848,980952,320919,721501,797903,992652,941729,101875,152802,71486,785254,646915,666309,557864,345229,313611,225495,940035,821668,157726,39226,8088,559595,164516,519969,105103,502003,913681,599920,846462,807362,349005,567065,657518,686951,945396,112183,446987,665878,232212,789799,518663,783201,308162,152019,89156,469662,529136,402474,388579,10103,692708,383514,433608,552625,597512,130808,489598,272900,727577,510168,66863,342319,10796,467672,964032,244580,881040,86484,735071,658459,217104,554329,472569,911253,625760,598430,252255,880282,488032,372153,283517,328632,376549,14988,283419,97725,8164,266516,731494,581838,674958,921986,749355,547147,36721,685597,9966,345201,450264,542407,437360,413043,379200,376640,698121,679670,95168,494537,210405,408765,964576,554160,940428,674213,780747,451182,541536,61325,129516,637662,200422,816144,402951,663161,142991,216404,559966,727340,726995,441543,975126,206411,243676,20539,560343,86226,813964,519552,59760,488509,41389,954262,969791,543533,31416,652854,691681,165798,847914,881620,882217,613364,569237,597807,754282,765770,400192,980272,4741,371080,151299,589220,509281,722277,347009,723124,289276,120777,23856,351794,724499,111352,751573,526005,612177,654748,194469,298625,962304,438332,918185,759816,563404,125968,609120,9342,354702,658190,415551,662078,55016,5895,561751,87252,339449,198380,792773,26829,704316,863717,514283,520277,408403,330894,997291,435471,894267,132638,635425,182511,846633,701713,176770,159408,579632,183929,798616,414249,854643,878980,882734,411064,660581,983367,868591,558677,268354,803439,683169,490266,20833,382136,95835,204576,89137,856683,163604,393764,282749,476115,129344,959363,101134,51112,410395,203900,557727,904059,873540,471611,786334,987312,957885,164612,834990,649515,292800,803480,391071,446055,71681,845389,48602,215650,81194,814403,970694,808302,572189,635071,129283,276128,723783,802017,20101,429250,150827,747504,699139,588272,679588,461155,548537,897687,984073,263196,552887,503138,558390,941638,507399,361475,600346,944051,926820,635796,912191,69457,15595,246539,920512,439611,845664,941537,39274,14602,485735,605538,126239,648010,614417,722336,167734,105227,552940,512643,977535,754063,249512,319666,222765,673459,686992,752516,687497,608986,848134,343948,521691,164686,973089,390422,326172,905102,302178,598747,40054,105890,369138,189787,193298,275178,23397,148993,182505,266802,107292,286617,248329,340304,136047,297862,267973,33315,69914,723043,739023,554131,658121,702803,692100,233228,908191,791354,951391,943283,755252,523340,686574,965828,26273,752445,840874,757428,795926,715036,972234,888744,418485,198499,898312,952381,229741,411282,74690,897579,44786,772931,712425,740821,364569,815172,818980,605127,668329,933301,987180,863090,566356,264719,694803,914817,21252,186807,458800,614865,410665,887570,326980,66417,36759,528205,287998,229803,818401,117297,846771,483984,808049,584795,190646,586646,11344,939207,523250,836512,331177,691192,102229,343065,486386,205172,484236,489621,624862,276417,434381,803190,143600,383528,554742,153377,947303,230144,205065,851580,699848,571154,906676,639618,260448,123007,496926,912626,587517,869948,755160,888151,949801,418616,976316,906106,657273,862789,443511,282606,137636,140863,322732,566736,512778,970184,699691,939893,408587,739097,677247,549633,523324,929700,825304,144692,116602,803571,861125,612965,228217,225626,649536,758805,823153,679744,3286,227946,106878,624510,434652,91944,700771,660052,991428,320993,28623,938090,967402,488104,906104,236891,767958,678059,472757,478491,960589,587874,328288,828941,688328,195033,380542,55448,715815,924653,994479,259614,960748,542116,991186,523944,524769,201277,156739,697953,848863,846987,209578,362367,382011,887158,596230,284349,107337,667636,687026,990264,660637,311266,768147,87301,533627,654955,755219,540640,899285,920876,290713,175560,141524,166744,696052,280898,456699,100472,828118,962808,230420,802948,724940,888910,536295,289061,751170,341598,314712,887511,425404,535648,196064,112852,733750,488906,119365,348526,922893,463477,664729,993714,61743,240705,808401,704039,361211,87823,822712,462059,481583,196307,432340,673502,335019,53012,705549,953718,15081,462463,628264,129787,504529,331978,535520,327379,664917,885697,328528,410425,345252,147943,509788,132701,877320,821934,81199,165055,862026,365706,800988,471555,601674,578887,795158,630822,330646,485834,57942,83204,157611,609120,184940,185573,416228,184287,690546,790760,568593,438797,281446,361442,338238,40196,602472,156009,31079,613262,783766,592763,460206,440592,840974,436325,582192,357977,939387,593068,35507,202561,646269,472332,697141,795603,129267,204396,648996,189056,143401,231170,220806,94182,158651,886957,9284,480410,301068,437453,799933,933512,360261,202202,434505,557691,66942,418133,474361,445646,477067,471686,738363,45930,30343,71996,765027,296165,928377,889409,793200,333494,998977,506067,282651,315713,149686,762132,235198,968370,221752,904723,283739,564838,761992,178008,81319,574932,449445,403910,77661,517719,475120,535389,981121,607707,466104,151591,734105,116744,122453,676302,923338,8639,349915,189037,281615,556954,452752,809116,994721,797534,700899,818143,956486,742744,473123,654668,922645,806175,873267,54960,991542,101364,182057,409091,980273,980757,249076,232219,634922,909159,445439,214505,421593,765092,110482,26187,238554,143052,915691,420655,901067,614997,213989,447179,840753,387485,228320,927052,580059,572417,651743,418945,763160,246988,608732,326098,386281,714399,556456,818386,426500,434061,10431,643400,856233,13813,638887,11365,14910,688153,867351,742888,510449,656995,701508,447520,978925,374981,416183,641155,276025,585971,727622,561846,341048,71646,516300,310956,406702,623794,926123,322837,702508,474772,374715,410141,212170,62403,330434,717515,57923,518676,993040,139493,904019,194281,806053,940899,263061,995626,215637,610166,930944,60641,114783,705101,252533,151281,679048,968569,946898,277006,650851,506212,88886,886484,828889,466865,779319,63713,171643,38162,850005,265943,895352,14894,302410,737478,830605,514197,608578,62001,936055,839337,990511,331639,109816,290562,76476,302840,294542,683151,537584,273556,608479,706103,317403,53321,179093,55259,614622,754453,191387,164577,102974,427023,280618,858606,808729,852193,340144,708455,22304,851338,869720,547099,403346,951449,806018,133066,760883,410086,417033,549381,499613,456247,567074,944982,830441,82616,519968,92862,152498,179267,122621,646451,81664,69066,318658,884750,281601,850500,851409,222900,763072,732458,200638,268942,203735,599031,618945,501435,171254,678173,217016,699240,90218,845447,137882,952430,551962,360856,262453,17391,901800,413183,592058,76406,404077,345163,4756,312207,121225,588126,316237,803428,855713,933092,957940,351472,411303,101881,669163,878840,282789,243818,777740,375600,953294,869733,213296,600680,79584,989518,760840,216870,319235,435420,315897,116314,135164,875621,510985,433840,739691,248734,644579,377106,649503,743165,622723,682985,792487,394489,608930,283185,683184,433243,220809,481958,735410,115820,640947,34415,542825,510166,383350,481927,89016,570432,432112,238473,898886,247997,748540,108674,286481,345089,14624,985281,466608,454091,143997,185402,915767,985243,466360,194800,257723,767886,885666,655263,438569,735628,487950,813769,491563,492669,447857,341696,668760,91549,213779,460179,331941,686672,226928,579245,556580,89414,735313,487331,500681,970693,78179,270737,543878,159186,500694,123812,392485,875172,371155,269106,926069,954771,819344,327532,510780,734020,182039,210276,488374,720040,608170,236144,62942,916297,641848,471782,533761,54736,670940,785336,840989,910566,208582,6377,972551,517493,872703,719804,718822,482391,309636,375430,259794,294721,728160,53166,110962,442082,857603,38976,520969,281092,469096,885028,461409,625761,315825,417566,499483,428180,90609,550470,145834,204817,290685,281159,579047,520036,497817,703627,72010,389882,201274,562649,516518,168618,600518,367748,998370,534578,339483,513837,18035,218656,566782,688128,562715,507271,503845,102745,471540,696713,64966,640906,339784,136295,457031,40817,183880,530041,559188,630442,207597,865938,337358,288137,764676,719708,703421,788688,871468,702735,292019,262594,738787,574280,215839,848627,18724,291273,657844,854920,707999,314804,375056,12647,940032,607584,621963,919663,528385,110709,255366,776291,164379,24429,65741,704847,803589,954881,856530,937412,483627,778594,732226,700709,541274,955260,430505,146245,997733,847483,281908,302768,141409,11581,756942,534789,612907,79450,334850,406270,501824,734318,11882,582626,603282,104130,417711,486540,92572,979380,233211,145803,171569,597850,81069,979022,502914,879501,608322,541674,327533,18391,555579,273529,661557,816432,970344,821476,53401,196210,467606,607045,834242,139903,142223,501251,297461,903731,945251,12493,888364,838177,156815,423177,930513,245146,642148,911739,906917,401042,841061,910800,625676,208752,749315,909365,831708,452562,109688,207943,518057,316553,734580,450429,92718,365803,611946,693946,792529,695417,339143,326711,882538,52373,942325,89606,856264,703978,6554,581203,786140,381791,691276,212214,559037,909620,827018,348915,860471,427356,209200,400024,573185,691087,675842,862590,841221,101678,457103,951445,201325,663416,769870,234187,404908,862960,844773,519142,597316,887289,925048,85913,706664,277753,930237,597485,225371,921952,345792,120319,16756,101550,94163,611747,131473,897016,887879,365546,872702,365247,144178,105253,962159,980622,883220,502734,506033,405144,417998,176265,489795,51095,947625,344861,51951,47998,990468,201053,940696,185731,905000,104346,441107,200341,564556,631934,121052,339039,673043,843622,806513,603031,658097,320858,761667,931203,148247,629775,795895,74489,477110,125951,160164,406684,696034,628275,658922,764752,122588,571050,858294,659331,409224,959714,766748,366191,953578,364255,859346,568301,735641,311919,789311,986658,212799,53557,51122,790842,143515,366269,77938,597516,771960,143511,332278,426610,84648,711417,457613,156876,19912,470391,511591,212606,605103,168049,680633,269918,607183,493045,477406,29261,258845,493544,229098,580447,748368,712723,626541,659773,759935,974063,994830,16590,237194,212119,12125,745775,623682,406483,608303,984709,10795,203856,574396,667726,200244,897858,716752,133298,618979,923759,431848,111153,479294,259913,52959,794078,188501,857906,69471,808258,557415,308375,400108,345522,834075,667502,544532,682226,549537,362061,376989,892181,326846,534692,662168,107622,275594,618060,107966,332846,766409,84743,352799,944923,429826,654805,11686,86462,380413,79446,705849,111015,403109,994882,158099,219053,477224,398955,365089,843405,516613,718897,650712,829040,780035,310590,851345,614135,602771,172680,371836,246609,764295,275043,988758,818987,17572,810203,459537,500930,766580,497664,953338,297367,826164,934882,951327,335392,688431,971910,677400,893599,575593,525276,2563,132037,820594,178296,473379,397668,783561,507198,923120,383463,272330,115245,72120,344264,997065,688898,104142,821037,354079,635401,681420,421866,113480,639820,726468,164721,110637,393024,179122,638055,124855,563553,725769,492944,608174,953076,149402,914521,30704,875294,555519,37095,371559,365863,803500,865857,325403,523097,16917,267772,310707,111774,44413,22952,534912,217694,34883,913706,268045,743358,256163,212525,458653,659367,732260,629337,407537,843781,626824,616708,149138,756499,896002,785923,610129,802823,78475,413375,410083,539781,345045,889956,370546,346165,726814,569236,709237,251707,148293,780056,430667,743941,862688,766980,288693,562855,972226,450382,244479,925872,909550,756217,341215,383444,9463,994738,765094,817194,661554,233413,734265,195083,432287,771914,189561,532313,531374,885974,625538,763193,852167,632793,712892,542392,15264,137942,824788,612066,885372,618718,279248,598554,662720,792975,756726,870126,668685,57649,379740,50776,97686,468976,837337,272425,293652,856567,607473,604284,100939,695572,112565,897682,87273,663051,612770,697072,306674,101027,997619,7694,841401,940760,921282,421237,205024,10441,150881,344604,50481,295098,353774,711676,966012,69665,301926,939559,66780,605103,680209,566993,200411,520564,224598,859080,776875,221405,3839,469534,606582,522933,363553,362754,99654,39759,153424,316952,20125,258425,225200,51870,192374,61760,510366,64791,579562,544186,353672,474829,572766,896492,908364,579724,31921,173352,873653,696236,678493,134525,82443,781541,726194,819356,270149,762187,974654,476310,310524,797818,917925,99180,645111,339304,990774,508879,679026,82204,107400,922099,990598,850611,371303,342086,676462,599377,20982,695277,501662,703499,85202,868733,322708,109666,23539,336548,914928,785765,518976,180431,712134,561490,251449,757900,629810,313918,560627,73145,347575,510905,443257,485535,850145,43124,315446,716323,160989,486322,627537,52485,401288,298041,574650,236473,945332,6951,47229,913464,413218,489854,920753,220360,368769,929180,510804,559830,560245,118795,660372,789280,580108,437881,545616,975790,839137,615421,253065,696833,495161,267716,262320,910736,981918,838901,919794,587901,91581,572637,658984,517623,48951,32846,653398,351754,399503,959109,475649,558914,685769,445783,876673,133377,471497,64694,261717,553268,522513,570267,289687,959575,721176,125064,373336,500695,70185,661629,858133,620564,994592,687049,262697,2660,188606,873680,208124,535576,220827,208939,327857,798899,218679,978051,484718,956643,602499,526017,846897,84532,82465,42796,983770,949789,929379,221641,701492,426965,538601,897514,58707,587962,638926,558362,768705,796963,116762,904115,399347,146966,103049,957966,525262,903198,124342,464634,544272,240050,764381,33080,905533,299922,441855,491472,223139,779820,649199,929198,214687,602643,254868,710629,115569,907025,392723,289328,763769,243172,523049,597678,914685,862350,172404,107752,415264,738700,949055,216191,834538,424787,973379,526128,188027,228438,37534,334115,298068,381356,305150,972824,123251,663387,312014,851343,120714,920118,978422,559099,339975,20691,973903,500583,600619,423603,295441,8975,296694,713939,441051,183947,596332,909339,222064,773336,253925,976180,867500,932631,184606,220826,170011,217702,620914,320460,846548,467264,931704,551672,382285,936500,247797,163808,556967,258601,33547,564303,839940,237470,323801,201414,952308,626749,546933,539162,646094,74738,443522,719490,356606,554843,183990,521659,669559,759616,492306,899999,721074,276818,4829,615565,378572,60692,623113,844055,619537,429465,820380,619361,244844,852006,683531,116201,306237,763120,969658,860772,409426,435502,97021,839632,485700,352567,737496,50171,945838,476522,533074,275410,969106,869253,249950,214706,905346,692457,424339,29916,837176,282629,537884,111656,184630,846565,832428,521470,184630,445280,807175,735448,934051,87168,805287,307581,172893,807071,923009,420949,137170,897236,972602,508105,380856,918295,881303,226817,566726,760376,114571,149305,697969,753953,195737,692328,581398,297469,370182,877109,317627,316003,383534,293772,670063,984714,365948,36048,873707,397891,965779,488133,518273,334888,703486,325309,36989,54725,555181,200655,279956,146682,611224,420952,369633,519388,990009,922550,703517,287318,202654,546885,752860,258449,38565,270411,680055,348621,4021,973121,550910,155598,599837,914215,976220,300070,253085,647138,260555,452274,116865,798109,684178,56212,71431,755044,992766,604434,460613,441604,881157,926231,425607,564033,891317,165361,597948,998376,926198,905114,966019,1399,26144,674201,50645,911460,348196,274614,161663,486847,335823,743444,575971,219422,448314,281814,510948,142242,364434,51672,672293,782635,532441,463946,674467,920218,222723,693766,49454,306083,632104,299406,312686,541090,523139,521028,279957,947411,892470,441455,389929,931048,374553,450759,894990,959034,745908,115365,680890,515363,744354,927767,186649,496119,128821,904707,516997,611982,235735,514466,317174,396715,152173,479284,205857,373060,966297,564757,61954,309444,197947,966675,996426,58597,514138,703898,592448,994596,186962,666344,276314,989938,522493,957403,112155,858546,505200,26786,383660,289146,839432,45957,61027,718857,174885,184220,115903,325107,71592,659813,100433,629275,427958,72650,81408,4567,807213,819470,781758,916994,483763,476333,95328,534475,158006,816102,211112,933307,265911,566408,649650,471310,495147,67872,195160,702613,7381,318627,601811,20987,567680,239435,767013,777579,912515,894970,169939,732896,102974,451034,158088,686714,661589,996158,773161,869996,448590,307624,969590,45195,294534,584612,701021,378849,234200,920883,677510,11826,517485,360109,163886,822087,873897,391966,966991,347862,642028,762522,229773,600103,454189,389072,707007,642771,691668,228856,508714,655820,282917,475317,939160,688629,829325,735993,297000,392941,909895,229716,755043,619657,77515,377969,538350,573907,443773,475754,987215,221607,999492,566829,342119,799591,527994,893688,915185,295363,908643,9529,235812,216075,766868,744847,433540,645976,431183,391554,989874,599973,996434,459063,141338,414821,374981,231643,79984,63267,436918,215411,264681,333225,995134,804789,265538,452460,582849,411610,840534,361525,453141,852368,281690,196014,900489,37951,140827,788654,243776,486898,63467,903836,299273,236480,886842,337303,461807,254966,936571,742246,674134,639276,967576,665733,14445,551374,117287,580019,755142,739361,829428,435359,624121,618751,822153,574568,89730,665704,589266,638703,995542,769021,712266,302485,750702,812644,912157,937719,631404,83718,716431,298910,59803,621314,254521,934490,999849,446262,175541,885548,910424,930689,322275,339448,348627,541970,104763,498909,833062,812086,346410,687028,545242,854472,380908,401875,520978,78447,962034,872251,795907,211362,318983,346487,355210,15635,306441,969955,392674,937204,932223,769595,354994,665274,182883,145819,250278,16245,135068,533695,67655,308687,537820,76431,847688,531833,20484,268531,115123,81270,107724,316789,989578,200922,557896,54513,167700,446888,485634,5194,605111,874212,177166,462329,218548,484479,901003,677796,44612,172863,532905,871610,704557,585838,538622,292331,992577,843120,287596,777910,276854,264816,206406,250524,307151,79336,643178,971898,255788,341533,257479,845157,313720,67644,582842,339787,57765,1040,82052,209923,840640,922156,253917,650496,298124,60019,334347,667566,957892,274188,905149,867794,736074,37113,496624,177919,866390,835294,95444,524346,844093,378038,145653,399692,913131,100063,126948,562118,707286,973626,425870,941854,728827,726282,23801,838216,376607,812383,255254,368468,496796,466912,966770,249536,153373,772254,521438,126010,872945,696676,539841,140403,563817,412281,260474,322093,217058,493760,378848,787430,40763,597537,975485,85178,572800,352675,881666,310232,778600,629552,569053,301596,813280,456977,85910,99758,298274,740646,624276,329148,229493,389626,78001,96030,67004,435550,946171,732586,970740,681715,392078,528719,178659,865437,150691,240690,163265,296636,571172,213564,169789,150279,377329,252338,459932,954522,565463,216363,619528,142664,275929,19576,957635,780243,251275,744337,445854,528261,729525,909183,785124,849153,807512,305516,544652,830872,98405,946768,84876,438099,344059,108406,647446,919585,382354,220025,905732,293373,319811,984955,325002,51403,129842,731580,270436,707892,374165,774624,35470,259256,996960,532432,679378,225746,687197,49343,415565,501509,232891,610787,583078,861112,508050,889074,906884,398049,443502,719382,442554,370033,908201,746445,901035,147234,825133,180209,297007,782828,31388,804032,431456,737606,379835,250953,496159,383460,120896,222329,227297,667685,384056,649724,935162,256276,154790,765581,361978,515319,811715,646309,616443,600775,6414,66049,570674,327727,555498,828950,815447,77249,526117,341312,415866,77398,42200,630660,129830,595589,477191,800063,406183,114328,316001,720517,656340,471345,878188,495337,40913,47820,867957,503212,883372,550283,95881,775788,284090,457301,543656,344274,903255,585122,703961,872304,122934,167783,268134,576091,158609,972699,724824,735926,374055,644277,707766,637116,942507,356448,684501,965423,880364,588140,454422,540089,645143,892129,489850,922621,42169,686526,530299,220411,42247,745021,662287,370273,148175,935689,136125,299501,699159,769967,618888,87074,732647,893113,853728,828286,298086,273366,582506,899320,284540,677031,255855,590436,168083,176455,799144,328377,782986,277480,657712,232213,470160,365133,94350,632287,856169,566883,141460,135410,932338,848259,921275,992345,762218,717190,295797,447007,455854,203211,233754,356381,697803,490927,423993,830228,345482,533974,558074,674944,367451,959870,42839,651502,128470,141644,55659,716894,942639,924975,150484,930181,220579,650742,442465,836832,351112,893353,468455,813315,83395,261078,815472,765304,988241,486357,851313,679140,752050,833089,180431,394721,722451,408709,851834,434132,424354,829791,691675,680767,571334,755552,350889,890540,300813,458297,647549,354875,444887,378404,599056,264802,165801,819451,399825,354396,238765,980650,434826,977736,176463,979702,731891,458773,384415,97606,964930,153484,364446,236539,306280,323285,61624,358756,53516,792689,527724,163378,478739,48941,741966,784084,274606,449185,561478,518556,498249,18691,429817,927452,335362,120983,365162,134448,803109,321031,562573,662532,294143,368981,640759,657304,802442,201149,575665,333874,645566,452576,986187,448598,237552,125295,681020,259434,662180,984836,4243,274652,232010,97675,904466,716383,110131,423411,527968,558384,97822,153006,740205,481300,361709,964363,237814,455664,966807,923724,119968,131585,394893,581498,77727,221953,686076,631473,625394,567719,953562,359101,521242,527235,325475,622231,969907,629102,329049,612315,32022,516967,513253,913833,694040,605228,160109,552714,72231,893743,88164,371720,522696,278733,190158,104654,144453,578903,936477,649571,421159,744536,945276,203018,259977,901416,56685,160149,352576,352982,624188,372234,849730,876716,699489,352700,450968,502199,607604,399562,143834,114599,630881,886742,67874,440273,473722,466731,484948,717793,863082,338951,479891,507526,581324,663888,872465,37426,170640,797022,120483,668605,616125,739837,708452,110500,107977,592586,417169,216616,483966,301285,234075,983417,125114,803965,557199,991895,899115,176922,169659,123914,191568,952171,387069,631110,352056,434667,737539,975894,947506,277334,388070,354166,83488,58105,217555,533453,575852,632313,482776,504046,183302,824823,167752,671236,611196,273348,896958,301945,902432,733198,569825,489953,912373,544449,818837,667816,763043,875723,14671,614071,572132,188646,261270,777233,641744,356465,341555,633626,819720,982407,824356,32999,271719,45380,829250,50111,523608,429408,979085,580892,62444,977970,550045,874720,368786,998037,495995,864777,985591,346958,145907,163389,158740,920857,124897,258099,48794,135639,78345,565135,527328,540732,353812,61942,761828,701280,505744,773842,806964,47548,276430,360885,311784,288062,890095,635576,964767,537453,867677,42750,579896,169655,329222,727855,781959,157242,531058,458715,874080,187110,579344,532354,786600,513772,947047,382255,967936,183958,282714,538030,406662,492821,884027,108170,434138,329493,117215,769722,581276,755234,405665,542185,561054,7209,72695,240606,791326,910708,786912,139145,500123,54078,367825,187506,232826,67423,683577,152883,87163,895386,627739,159293,576679,993724,648094,169576,912423,841089,597554,872303,241457,706015,265150,307615,781239,470533,218818,963282,681693,37778,105365,168443,89311,923678,24187,790482,305736,569500,578304,255676,106472,970837,891372,88169,457918,449729,472697,169990,103691,117200,97111,718050,992994,147843,698703,824508,722010,766673,498620,390329,530270,280833,194720,707291,236595,223952,406988,235621,147190,426470,793302,10313,57666,918017,588669,904465,180145,992041,770296,992481,715501,326427,704627,407978,613007,687832,541856,435884,147968,95861,617699,640680,543782,701144,972263,44520,928361,276806,366372,396096,98438,943489,99615,733801,661337,719076,533995,722639,962229,360302,942000,780268,599880,315252,862433,203983,793381,134712,517337,888693,513398,359065,835640,133396,64797,191754,773946,220375,239939,515463,582447,440103,301581,167314,321422,711255,141593,708858,738921,756335,453913,971694,969646,558726,19184,175239,194511,265217,979354,841547,369567,469225,902629,615399,309719,709614,565526,924888,918061,744745,100885,516492,794418,902934,919903,128145,568694,390475,380643,953411,113713,913394,593107,43359,882095,123047,68461,199363,920380,359425,556876,404566,703631,80178,694775,854851,598742,687380,513274,861320,272572,859731,400696,374224,109374,853228,29948,491768,904128,864338,715866,14538,399564,666710,317261,767412,363850,476755,313388,715509,356089,182489,430422,404711,648044,747779,660632,179617,17607,69274,516567,379934,748401,658155,365246,309300,763324,858186,545855,451711,513774,557125,169655,491260,179133,447669,328496,383148,210980,532551,710183,98766,909089,586234,977078,624110,186426,172063,946867,181605,565422,678628,164309,689035,751713,444485,665971,732810,16109,847223,750457,733629,773589,605253,895213,101984,576785,443822,327367,690682,426963,939462,557770,604589,838347,976813,697700,500072,134730,312034,295717,171357,502487,389154,491939,310973,47243,644772,852752,298519,24789,581783,689034,375024,111040,989816,507340,373104,25927,848059,666616,921361,456193,425192,41152,517928,717532,887929,313142,476610,537091,910420,122692,438698,663085,466560,454062,76281,538628,628892,48019,203699,862772,236924,773736,925193,974119,337847,921467,42952,760019,381197,758070,56730,939257,337671,311694,230166,903319,805654,905591,725163,450627,627687,697600,949124,100438,113360,327992,620449,549076,351589,163673,743023,991315,509999,858891,573387,912238,59572,535589,504376,843635,408241,91539,319652,104635,821754,489542,9244,663832,13504,731998,490249,441000,421123,842591,253127,232322,210320,790617,604965,408032,188140,103992,549934,152780,219436,234145,558217,911780,48397,573029,305190,842678,856930,237713,128843,614243,79508,548179,447626,831754,511841,99784,781426,906131,713084,867425,747327,289370,84807,61842,268646,453540,430139,453610,459417,628675,758331,11845,242475,755884,199381,976686,656885,365065,223512,44746,817996,97275,448283,828518,829205,55795,51807,369934,20989,580920,554399,45680,426052,648931,212746,733081,413483,836014,993024,512212,152830,229849,484470,973226,774551,443747,935003,110316,981090,78539,927152,12615,630264,826498,88305,430144,518257,546377,873881,164459,45402,48076,406816,925252,166309,504927,994533,780591,391148,571671,376721,468289,847603,301381,658632,584325,593747,837591,191271,440758,340979,810159,940371,940600,527357,955177,461752,625206,555556,701563,40891,31579,301541,779249,484739,690620,863591,37313,465503,507465,897272,955855,110073,635292,969121,472001,319764,234977,206817,423161,106665,565792,412541,948783,377070,32532,20755,995091,679398,691648,704573,686659,475470,643936,483439,24307,179064,143976,720451,180176,492564,222457,566684,279155,716395,314644,791878,104578,242492,585679,543653,419425,668676,65612,312777,882882,333118,380340,10946,430764,453355,826888,666650,906477,204901,9937,454274,678058,408138,207636,29711,582250,237358,480020,14711,757551,533932,268182,76182,334099,109056,979659,920982,647384,663528,847646,87630,944027,59563,895667,995292,729961,888487,686878,638038,421983,140701,139696,462020,700442,665187,345916,48611,703059,868412,712807,746262,35844,421157,444405,763760,806131,667136,773902,577196,4361,808331,178216,402816,718962,787560,61100,215597,254395,540415,553935,11753,222444,346196,417863,423040,565600,931558,678352,696753,924071,577165,927623,133952,201176,396724,579207,740746,812397,188401,275369,197614,72395,856520,358234,774367,460872,832553,670944,368129,195595,13251,976473,785610,991920,210661,673325,852540,998893,31046,398796,708940,868514,6652,348027,12331,69878,22667,350423,679791,196093,969306,672457,69982,538564,157867,909957,625853,216291,157279,223155,495014,228061,254906,856102,234859,919125,201203,678207,651063,924281,189831,340887,352110,361331,505323,656648,806457,578722,799309,67393,837002,296758,187624,858235,994176,593945,207110,174887,971960,873371,394039,690407,571489,151045,881431,791521,779778,118871,872746,100977,198854,153833,643760,896126,255490,876679,289048,314265,818562,868007,778619,800925,4965,32616,783665,282687,388231,752723,157252,614333,936457,401529,317856,741621,689241,804382,935526,560883,410740,567983,592900,767423,293329,72573,12736,817276,921823,190002,686190,823946,452197,612976,338383,218018,502197,49751,853174,111965,826216,156165,66383,649026,278222,914516,573339,24617,680295,963467,80911,199490,443494,928478,244434,463495,819832,411429,896423,886311,521968,924445,859858,131879,779195,171057,878709,597010,509454,297566,11452,845050,403301,860477,460329,976385,525405,76971,90172,326751,363426,386203,270630,496683,996096,827651,448034,282346,932083,229651,189585,164207,772303,499845,132374,145645,816789,170004,74432,701399,950431,552881,297712,957332,951520,586660,367417,186820,933855,353,489834,662313,678893,607566,373883,401950,987752,643063,569567,746568,248378,414387,690739,708086,711024,892602,527075,575978,231040,867162,552249,747420,514957,391209,593726,452639,499889,366475,155291,962950,118749,499137,759578,963417,252202,857796,780696,243700,696768,172410,672639,693459,101608,976409,425866,575750,910709,379999,899380,388195,728246,433906,409996,816238,507514,806154,67494,391493,826155,538787,878684,867208,484688,870693,787216,354546,489325,506340,213438,284397,995671,720850,793191,749212,10913,112283,218168,236244,239803,262115,846970,443366,732060,614608,318385,748294,224959,823313,435470,857649,132131,421223,351784,891740,335649,784608,205524,311538,640635,174677,190259,303468,291539,423186,86676,282927,621054,480448,735098,636690,671139,205855,9769,447280,352789,551756,785819,973826,725647,535511,43238,396796,973172,338477,782126,787026,725456,939009,753820,130992,842957,238943,755857,965611,4857,838222,493357,931166,983873,771761,709768,782944,784792,585075,296,738808,827559,28283,563336,185259,638360,103232,662835,451188,373043,262728,984849,70368,677688,543477,931610,106613,868988,372428,339637,259504,468411,172610,388098,590973,850253,566899,718106,586076,287596,418403,552141,422690,477170,407181,92491,897179,842649,969028,127583,84175,721100,821265,212949,637911,392230,491711,319469,845746,124004,604494,122994,520559,474794,938683,83525,147539,938190,376049,875081,760807,815527,681971,163683,606001,184779,107834,698511,149974,287142,635811,948298,872465,709247,947808,23035,829541,395242,433840,168222,584221,42659,173741,148541,332691,832945,811419,609715,776499,217963,924521,437278,162943,985332,832996,626507,849397,797732,354029,478542,285491,315281,73865,225954,942114,73526,44210,844141,896708,879597,409595,457097,274654,345146,907225,945800,979488,859026,67968,240859,147659,103684,91458,921149,839251,641847,195260,492089,402000,735008,894235,972531,402044,186014,800493,768259,961440,985014,750882,160092,801203,277605,863997,671725,830118,793100,793827,439779,515106,788912,603113,738498,976,131250,282295,594862,106509,586836,741505,514487,370646,367202,812499,24904,855495,284190,265558,903207,81512,51193,896232,950416,221297,748169,99723,876802,43849,282109,132155,465092,891368,726226,404333,720472,399201,366701,478845,316077,381187,776632,856999,944680,398167,857176,166568,191667,614719,759713,710298,978936,377174,590979,418780,678514,51410,154903,12025,183584,370905,698098,682570,436162,671011,432221,841416,244957,37347,979153,108255,583445,309317,429391,187413,46159,90607,905648,76530,100957,335872,338031,276816,424103,175255,354225,21161,542353,535090,482657,453997,998448,752440,126388,168440,184942,792497,637324,345885,168974,919513,202175,430076,880687,338051,634462,780815,861497,103880,23525,624674,589991,691184,620073,33679,47034,736812,424516,80286,212439,101233,432036,307630,501023,976454,279508,261408,41180,51260,271856,612123,358716,457439,677146,913384,80697,458282,905557,168212,140829,13244,132235,497562,661959,876307,446794,525061,637823,314279,617837,651022,229492,994680,164527,892649,222154,743611,4013,660626,650880,678496,373010,207911,640472,275246,370760,332271,317899,871186,279499,169746,887725,256765,202347,307327,733079,242619,218701,724920,533285,582057,575034,480194,196116,572164,414979,585576,557814,647426,874829,897167,262589,296776,842287,657218,578782,544518,133095,689305,710298,863338,136247,831382,751888,596012,163328,587848,897152,675296,181978,8846,59122,907564,357573,973933,950125,490393,2281,792967,473997,559782,490993,307866,237939,98991,810903,919233,894090,594145,311410,883836,379527,994995,996362,222542,890900,187191,120190,188675,45225,6885,699055,782903,376505,743860,168592,79800,441667,337287,939865,23426,991260,554824,158812,627673,671639,165259,47370,938746,888511,716775,253063,49196,116817,666625,409413,813419,574091,39029,568983,194414,723544,303932,449130,52351,795994,166710,36569,117262,886493,23435,443918,786400,520257,174749,836086,62577,268658,905875,992382,29692,178762,34195,545022,494828,701992,329141,678478,640851,268753,403703,548290,377909,479353,549963,827008,991048,415698,71956,225615,101303,218083,907477,992848,588237,948021,990313,322813,269738,999928,231369,883825,565784,565560,304460,194840,259995,369692,503477,719944,705268,288624,198598,338215,937764,307166,762198,395279,648340,617022,544326,228314,470274,755000,602776,567247,193131,4966,938265,975659,981312,938709,233205,583837,483739,962698,388370,722349,994960,892262,238677,328704,518687,745500,91240,517360,869507,762913,838487,619873,218540,900002,40372,188332,932985,813510,606692,462062,967454,491270,19353,317215,656145,610231,353291,73717,319619,798479,888626,694373,342666,772609,315770,649472,745028,917508,643598,705526,212091,748269,651368,184303,282571,806012,148312,811480,55675,648252,584620,221235,96089,312579,761487,691127,267705,756178,886902,909180,146424,704593,351739,633155,882174,834986,123183,859705,87694,776336,143720,637287,19521,563311,612405,391876,77,581040,866962,158372,241848,877002,904622,661266,163841,504650,394726,842987,956564,769925,782419,559239,200836,895916,907999,144408,862245,944209,84490,596483,37813,981747,397555,228651,751578,355524,260195,904426,992667,749409,193137,258034,290128,121034,405472,374594,582505,472796,444833,282101,609845,977565,397288,402065,75519,558268,961136,790921,986089,231389,679945,342987,534120,1370,425545,47196,918574,909261,492562,693187,69782,580493,876979,844624,237706,236403,181597,521995,815013,468920,568369,142292,344761,685778,523154,261705,80344,246625,99490,141140,833609,890756,618774,860514,338674,443985,205490,702809,46983,819394,751900,672904,92452,945644,647840,104069,356960,442854,566160,522452,867321,144580,68193,69881,15957,38055,339265,768299,179718,39132,299751,71667,626245,730917,568410,466537,369417,722904,891912,922760,501920,38955,856927,33078,648692,394018,413315,491573,283135,24839,285691,267260,544121,231026,693080,377448,749716,830964,470709,286143,683763,1666,469825,1106,702385,775598,974033,819602,641959,882688,646845,819685,744885,3931,696983,200740,444383,595671,703495,287539,153706,604720,716011,311158,230606,990064,711913,565022,904369,537464,838957,571222,776015,682555,49605,87647,664930,238913,253331,572332,138520,357062,531442,52477,230998,556068,716418,313865,905645,660740,903915,187059,971473,244840,42583,831288,605211,811174,538220,663158,474565,338298,894733,474601,440184,407775,249939,987878,888628,837767,273553,957853,196640,98410,610637,286006,981687,500605,767681,399257,477598,274134,750549,931760,260632,722900,345932,966754,148632,562269,255692,944343,434937,801592,533973,990394,525428,509433,364558,359283,876563,345724,482211,537144,41031,245882,827471,996712,583666,102915,568746,727810,462481,506918,510231,677698,152692,156360,71070,899502,577657,662477,851540,697765,534350,14683,460170,883811,996383,734354,205981,141875,569932,665298,862792,489137,285969,107700,229132,881845,150787,849606,677226,446698,457006,297460,814690,758611,448382,940131,446791,216375,47023,770246,399285,579307,638660,857591,645369,961792,700374,442199,69602,436852,405238,983188,816914,952639,825994,694736,632213,544612,607672,724047,683917,216285,491286,130524,58120,852501,630752,309638,144194,936657,502985,62357,309520,760947,124711,273666,53056,719077,53621,193116,215038,554305,616816,891477,190545,703474,135981,557944,895108,683228,214528,987280,906347,319536,296061,175080,27887,442201,406529,945755,256573,442798,993177,95624,122740,388966,505073,19875,14472,399458,212040,291271,917277,741364,923128,534758,428199,263824,8776,429188,541683,607979,2278,171599,16911,774543,121184,745865,421053,823534,929756,806587,303954,804305,261623,259107,179670,895628,168543,286932,221696,506323,740704,954716,543329,673225,678743,7607,642848,49269,649285,930040,804262,302907,918465,208984,947940,495333,238953,622058,352930,891456,130677,575818,843007,926513,223136,833061,135088,553509,685341,415575,725886,809192,684095,708730,766642,980475,868454,953072,489728,509316,399012,503536,836894,899003,701300,315640,486670,287408,116788,893682,22893,654059,380713,366786,425774,369432,57957,874361,319500,507028,101214,996921,495236,391534,896113,838886,949747,939252,755919,325465,806632,242588,130638,186693,41281,872689,598574,374669,794994,672881,296967,408309,427108,61329,91814,817455,955081,181475,855391,990305,732951,588103,590123,716706,285128,211806,947387,437851,843484,569755,728093,872714,507527,637884,803513,579580,541577,571727,3706,505142,96799,582281,52713,802259,311400,719976,795265,993196,881028,935962,974880,150652,829820,253096,202779,8588,303718,456478,696871,22510,27892,391259,757062,985439,788540,518373,119862,168791,600294,366321,364499,147225,31638,243497,460570,963506,785408,415018,856185,447151,635877,337107,36049,528656,196005,437393,625061,882525,534158,439180,208590,814456,259455,420266,963304,313310,666135,679666,379379,336450,941653,735711,110971,718857,392756,48663,313567,654175,763572,723885,320004,912836,392400,413199,108206,360732,366384,685683,832213,841550,552446,33298,183031,490376,173685,103256,559773,369277,495333,233816,203860,526320,436893,784733,500124,665390,879864,452701,280905,77985,248146,377370,44569,463202,236919,609250,771522,893088,691242,632160,790503,911178,559735,372685,822298,966558,282925,930636,683225,435908,822356,695466,566480,523520,548944,848404,863921,525970,227195,248867,374218,271491,517278,443301,522493,16683,800342,513315,168311,287147,314161,447413,405759,589974,853176,54123,249079,814794,957092,101748,458762,527239,173011,855677,970050,327556,208496,381192,25899,305691,513790,430919,800676,150069,916587,345506,819871,233872,877174,357575,866672,366432,536834,65572,392351,678175,992388,721820,933510,485530,564817,901663,45545,502541,749804,613355,553771,268351,568999,372902,226901,918622,978719,189679,810708,830126,253442,244967,957328,794580,913782,39584,617561,851011,312916,61364,786839,968916,377998,454073,482703,952713,849315,581414,670494,774967,689655,452263,681557,265302,538126,691195,669140,116780,547108,184282,403553,755387,461838,273833,172007,496431,462551,36644,988053,554749,153372,588590,115149,585319,712707,136212,773228,50519,117629,956662,473348,335652,70049,860642,686643,385636,274027,422177,121204,869711,854281,829311,840913,133556,89364,602781,830720,615088,619593,474028,892855,233180,509104,192429,347893,550665,570192,49040,214271,902195,250159,252749,163143,889959,881260,709748,289374,703655,944856,194932,221903,616381,649192,904381,678112,990859,999749,465718,330987,222459,132794,953539,844656,886788,600698,42492,253974,819420,503990,456344,150371,428095,304480,58924,335495,255936,856019,602756,994077,179712,678078,62322,633649,653157,502983,377274,299676,952027,960753,896584,686825,622897,773855,71377,195843,439412,395638,400660,366529,928895,838564,766833,930798,520584,8798,40830,920435,151020,835230,848741,607221,958036,345281,639303,57306,380479,40752,409490,22936,275940,327596,289317,271680,780149,66345,508275,512073,718614,467886,19852,847372,782509,73050,426391,757119,707938,863846,562984,186698,232107,916783,374039,914840,334249,208837,258932,289007,619550,896631,306670,572089,912212,448767,970792,345112,359098,161687,17697,21602,985858,301745,567385,23781,374708,406729,143402,607466,631945,514264,409381,38081,147564,295436,900636,31495,42712,101719,429646,493480,239608,722642,577370,613645,732292,536004,95778,311026,995294,762178,460542,205972,736934,390204,806948,332119,868419,384053,540325,104334,365040,663440,598914,941273,632163,515977,671263,198068,243488,575839,961340,628432,689009,177157,149912,631173,754554,535230,551638,590,306951,759255,165477,419213,97548,657467,388919,45652,613608,380143,236808,116615,699234,900462,696549,819923,234202,626770,789942,886253,723685,889670,700432,845282,649859,964110,272087,941183,98853,809527,15225,199734,328600,802657,706078,429485,668392,168358,657134,162132,921578,81768,232603,854671,32078,35300,493133,413468,531469,549059,431904,701895,303709,596492,80200,149604,696823,416094,362851,960707,609615,545064,395146,934656,969605,968590,90997,675971,293744,301451,242236,371623,509064,523839,710268,87200,12136,942871,701748,544974,451206,756711,942124,362676,389179,172309,879352,888271,840111,978700,808429,555940,38536,457655,411314,202165,467225,510661,5041,878602,740272,824138,519620,908886,49886,361262,238173,528226,876359,993637,231351,416365,238240,534125,82909,104428,918897,334045,345769,131317,505995,583224,615860,45457,315529,522189,353339,380159,785275,515987,532884,674892,790697,802924,553,176453,107246,667119,535606,36720,266887,735023,770399,419821,810708,439994,366635,382628,355945,47010,940297,398120,21059,825218,172501,102386,247672,18374,978991,311597,179778,515277,589658,904420,149700,922790,731517,356463,541834,832567,663776,480505,876511,746100,440752,514078,695455,529414,591317,954529,162385,658849,123215,572534,85656,298766,867623,16225,803353,271283,43935,260751,449629,963024,143838,259253,12138,806839,509399,66259,143644,625198,961199,835650,331579,241522,472522,207372,329752,786963,625621,411858,533935,581255,331873,444731,154076,743770,666384,633407,861889,256492,127804,463567,577749,823360,102120,796780,897117,967765,932123,91752,965471,627402,986032,942599,383230,151048,280130,370238,481876,665825,573530,339312,176017,841975,366306,687358,911144,749030,260868,19753,860479,359474,79877,992377,662871,803789,193704,395392,684344,701957,308387,335359,709103,832092,366487,82126,482761,633379,693411,787806,133860,947902,550999,593417,680459,673335,745512,734648,807255,208535,537145,790410,722866,720453,450317,183678,264967,949209,403631,138430,97352,550827,428624,562777,406327,616182,850754,374104,556315,832392,790423,696756,37671,16808,57681,35422,817183,71333,351201,842178,355675,579952,994521,255912,667820,515506,618211,667079,415619,531729,409854,593008,603418,371850,700214,843217,839138,801075,247876,152429,82341,708947,485752,54451,735682,125511,306749,558181,374378,714569,787752,535020,659274,143474,938769,279479,229826,217403,186234,652858,190298,305278,551101,308298,437393,624457,192592,857516,740092,515297,560168,620937,111690,833380,218106,399275,701037,160737,993816,574680,916042,438682,741937,90101,76617,202744,201403,38076,396371,802706,61490,521649,575812,606761,726114,498862,798000,144921,242804,154300,724860,868951,35889,483078,343046,179359,696566,426837,345663,233366,276885,370777,28590,912427,670776,866374,929306,451621,763726,791157,339668,7763,715615,959324,154825,255711,117182,599740,793554,464504,420736,224836,723627,200963,59336,854746,677131,682876,741504,448635,184365,606351,540153,963745,509298,249365,153531,283601,478014,387590,166549,137113,656963,516564,331050,870136,699684,955076,114314,259657,79050,56149,617687,454353,355555,463041,689998,418265,255773,860021,374986,359167,53510,665533,212372,446280,813191,911819,311100,128477,138149,363989,689932,635393,125119,25033,252904,678730,511099,835078,204594,375844,560947,976969,591285,273552,558150,829292,146654,596042,810657,469819,594806,265556,888874,397157,679,369212,851241,256832,945640,938009,785969,196,387501,834292,803981,18435,61592,580054,529330,113730,519345,545242,65237,106668,433721,558921,659024,468046,72957,316722,660790,869149,225796,381156,854814,799849,786390,681921,387373,539422,509842,935844,151850,501027,72525,949470,679539,226981,162915,817549,365258,506449,174421,472939,730495,263021,549079,423997,826604,89145,227604,463680,927552,474261,526421,636708,939074,776752,813453,105357,324777,530982,127427,4198,398847,68079,357390,446627,958328,977555,903457,30796,930784,519822,84158,891146,288919,769396,226689,350204,557478,676199,122768,133535,277342,701314,865339,568926,6117,811710,328624,847333,335167,194826,954132,89674,108154,669429,455605,379398,474385,784226,359071,888120,250388,691951,394229,591151,636041,80577,123155,798752,868518,241346,252423,914546,746233,681405,485990,822759,756938,793122,765672,579028,920619,102824,22706,83949,607145,904115,62130,587939,747079,42396,961598,212024,30742,312021,421039,531966,226172,768737,986629,35838,686617,134641,367940,369803,41985,263121,559095,192899,684913,253173,971337,282185,791035,855581,274203,594008,150768,876388,183241,184353,215366,248699,655475,187917,608430,311235,806118,45265,544478,704056,212295,450488,377562,9530,397280,710900,753037,919811,788011,424759,985,736020,145318,256014,525508,543014,284594,574360,289896,356058,389353,472880,924705,65358,764119,996718,673586,555257,578802,667610,588884,788424,119224,657116,995704,296085,347365,554618,301939,769097,651131,910741,395201,51769,993518,381302,277850,34353,111784,94993,304861,880440,732857,762247,838853,779081,816559,416735,378250,294679,142358,237013,97093,145309,699203,957131,779410,707025,413963,996365,573737,348235,190506,783618,309842,108635,910066,114027,598341,543480,101005,362913,783498,172242,494417,668709,33513,138104,203020,314969,898850,168183,306053,868060,929232,542338,370893,266011,463903,401083,270213,753424,717457,934218,390097,109081,434522,275859,285929,536931,185031,146650,498605,38590,859817,691300,3256,565779,381579,666637,537613,751554,925318,90213,325312,384453,104238,855387,431852,536162,497038,967840,689216,421919,301106,178040,502205,106138,943572,476965,593912,729887,108166,305741,119511,703436,410925,275828,136275,15857,593251,484781,147288,609155,236521,65922,348387,727775,429274,378550,965682,612990,110029,829051,999659,107658,173921,78243,49966,959345,764716,235708,616953,893295,896660,12410,712276,939528,900502,445809,295354,623471,864153,880597,761952,607658,209924,595970,37601,961968,107395,165618,470563,566814,304332,666341,183695,805417,543232,486546,88732,339209,429260,188727,355635,258892,988975,173059,282338,167846,818631,130829,650066,328002,377706,720897,26586,225911,335487,826923,693272,32717,132022,491800,927069,246578,898451,479676,246883,181383,930820,51500,611659,494690,385624,32731,617663,307415,574826,332956,559402,649288,538409,313983,753463,217646,127030,254504,315432,133408,131603,737194,412563,814801,978846,629830,119120,618710,613838,482102,890414,82286,814211,484289,751806,552805,135471,558528,823262,38406,275841,368141,515286,40537,419286,523569,464961,397332,260741,968722,758634,344129,17250,676330,232890,362149,118902,107518,49556,390455,73522,576658,875311,796295,409239,386255,333540,973553,775776,639211,323675,194230,785113,403666,904071,70061,825085,399438,70125,712858,16665,424842,292967,594190,846046,765315,197200,434437,372466,238560,583771,521389,188754,602143,591621,335627,802846,527595,666338,966465,601450,498729,866341,52893,416964,642998,583571,753628,375237,854335,464868,504621,94107,816616,601235,565763,100413,11845,486446,755291,603779,838164,121117,906124,625159,101917,73361,916055,618457,119612,995612,79418,817943,11374,149032,326039,109772,908405,707383,866572,991831,669313,349860,494983,282502,928083,901661,33980,139836,426857,416625,811529,222083,802527,698976,241532,358664,658623,728076,250836,921525,171465,722113,872761,843304,449981,418733,891515,91839,367573,694415,600064,52126,951702,453688,873078,170411,255530,34728,27539,922920,20705,239627,558715,439542,356088,702263,213211,521913,940511,387283,411387,147694,937494,746090,110013,851961,73920,845627,691311,887715,826340,780431,136968,466224,782878,958842,47521,346562,644823,523794,96447,803716,693939,477094,545136,277259,960689,967611,849507,642765,242708,719479,817458,339151,51108,836465,817711,266825,199064,550881,637309,363446,515950,938152,599239,426478,747079,871549,832075,311976,724659,519862,720113,314757,564950,362702,709713,828046,451064,722461,490394,511496,652795,123379,710488,723778,489165,862959,802159,789675,681516,419674,121041,239673,706338,532694,753428,786927,167307,579858,45222,454537,414299,657669,767949,794496,251181,700646,163535,274792,64457,344803,243141,507337,420841,712422,353531,675944,721674,203760,735028,711838,582825,79325,76434,264586,624148,676457,971260,115290,230839,20513,944807,851631,245898,182047,729767,261815,863418,160233,512849,806348,61797,159840,818330,569077,848111,98737,11739,673201,239931,916143,769837,109242,803906,954264,815357,823343,53474,642508,333708,531565,653289,503809,92944,758662,911801,14215,847766,931511,78324,576568,671723,313224,498201,731367,90322,623366,595532,403814,341180,323000,405534,263067,446466,953723,301047,685442,790472,962175,580778,320961,498086,40344,870355,397132,577396,142817,573711,174772,105316,828555,716139,985476,615014,417445,501712,841874,590229,523597,347081,233496,214229,970690,980000,402728,569142,643103,449136,132472,570048,437256,836409,814517,993252,701966,6449,195712,947640,304292,2677,101125,184441,602545,548026,334382,399187,493760,427028,654920,514016,913225,147163,541034,529320,698469,632250,665857,707746,926286,485635,374700,538752,83194,201284,59125,717313,69492,764609,121885,488684,403478,222620,460450,817599,923224,927690,253362,24577,785666,151718,963952,47028,417057,547371,731082,98586,434592,98940,539143,512173,274291,998442,527571,147423,772780,38127,431496,339071,718947,554674,57143,737562,347452,761609,288009,33678,973854,695507,679885,680401,838114,901899,16686,400983,486851,716885,845089,1014,339431,924447,697066,687059,954129,887964,735027,668094,982316,893275,708701,920772,75330,613970,207338,678085,218782,303501,55762,419317,59973,209096,636711,928526,75920,666682,165916,14993,86993,345360,918022,398796,386227,149062,864048,932178,223692,85521,216151,460373,666658,557710,277215,818409,439426,159151,140590,137044,973704,367399,35453,740618,895398,608158,684803,764949,661765,979892,60160,457634,491851,851324,86436,61013,896243,608505,675092,385204,113255,551197,495834,987152,857593,765605,618759,390008,951829,301044,272885,660621,364856,766874,623998,244405,901989,30793,996889,148794,791763,567002,401864,111114,535230,454633,698725,700128,359013,533368,208282,934438,821192,395774,348414,573165,430928,622438,214443,675991,848729,452747,46173,725886,208703,179404,695904,679268,933606,365807,697239,929527,241045,978207,370707,680231,971833,8514,962021,469272,271543,829266,528857,919325,259043,300206,8008,750897,553879,973693,81833,403823,156448,364762,176012,856471,550137,248872,154497,266798,615797,701974,775963,96487,419435,261013,791041,967381,931236,237019,269877,259615,915832,76863,87447,275143,279628,132476,590905,227895,300766,752531,724034,13047,228258,810504,101806,780797,427346,344922,3812,484970,172945,608197,393349,554594,983670,691636,220576,956596,436285,701689,16893,370543,35208,442450,987074,105259,17284,218116,964005,473623,521577,896157,119360,416606,737853,864551,235523,864841,56628,869527,127127,955301,484783,451680,555710,86883,332798,356616,665067,922080,179729,439415,339349,840727,588634,992943,734573,54230,96608,503547,924454,537833,430684,864482,505599,907536,564078,28046,857622,669665,299103,61216,719712,36434,646853,383042,38999,439153,624980,301391,327101,77469,256768,903347,637341,588788,88626,937505,438964,836317,439194,130828,136383,945917,597346,533066,427303,972871,708983,521992,550140,834071,827706,653642,181649,900527,398694,937231,301428,591621,721274,19047,879234,604354,9718,794360,737404,937008,888816,566915,583256,229903,940682,122930,778416,415824,909566,975514,19073,797878,228839,321979,59082,199987,375412,948803,508875,628520,775814,843405,29355,843096,632323,514837,954841,891448,478616,120067,905798,649205,944675,153230,37669,722386,194076,690257,700659,526670,846475,960261,755125,371796,302531,578036,87116,665245,741773,977270,370826,535326,666844,91681,140835,620613,769125,521616,164730,459502,148273,423821,379522,971521,572882,255837,766097,154122,976575,919462,514237,277259,448129,181955,481229,512787,798596,689338,783199,662134,588760,531782,367175,223625,362483,351694,200854,223065,12887,873017,287067,498949,388773,339070,336345,725620,312721,594346,973347,445145,887184,473194,613622,23193,631078,286450,535613,599611,788073,836358,600467,400685,339399,504699,88720,328627,314828,81648,229356,163364,885306,332951,419613,588587,776988,736265,185146,117193,494148,346709,642508,567507,832258,308435,727611,744008,215333,357477,312388,452377,698536,598421,584998,114013,967538,614721,247357,151537,518789,90462,305331,228370,788103,260128,765805,134906,764929,208967,38572,161809,357782,200005,116717,510191,951137,471419,408266,522352,195264,939041,129574,624378,739047,171373,34565,489876,79193,744449,546305,122430,51967,729204,436759,945361,165842,686179,250310,270521,153843,262565,901636,878364,551847,134306,245100,302741,206923,27140,562134,301403,408820,262633,817271,341201,385453,764528,220753,281758,170620,342823,986394,888228,447803,634451,456214,310518,595122,387745,33625,356875,950139,70374,541059,868985,471872,940314,539536,530745,632197,258734,220477,389287,966411,918294,282449,689462,535807,299561,647918,472700,509336,471443,428837,15516,907013,451003,200175,659568,633414,395400,759385,611660,26045,339836,916644,416163,685441,590252,944973,166847,766722,76389,265244,817393,126952,744445,390043,82280,55491,427172,76837,654280,66339,50426,268622,473953,929799,422669,981002,709182,292014,2298,266373,726667,117186,868847,8072,120359,597911,512733,912138,627825,737595,522370,620575,29318,656932,457542,524038,90716,368148,185318,940240,22317,845836,682770,463950,514172,191877,830670,626002,479053,822872,572753,106037,442805,874767,628783,305652,341253,421050,909541,536301,27673,536627,138580,533704,234868,664931,26987,628552,394693,465669,530455,502811,437469,465227,689142,137880,916412,523846,731091,650383,752583,750854,140811,363211,891269,55491,928815,268598,37770,5328,835060,432631,843953,815841,892588,870884,212823,771276,878066,872709,393419,944731,94268,320810,277914,855784,482522,863351,559784,64635,34577,910269,152303,184521,204217,755997,405251,910134,200010,531308,475527,798205,612481,122815,825231,207770,753909,92615,629975,68424,819527,784607,517454,236889,522709,231955,614410,196583,640002,771810,108264,89622,878659,519387,639962,750099,887128,165580,899684,10525,149604,918090,15014,33578,247316,120220,837861,958037,688875,9986,934312,41343,242465,270688,26981,30030,680708,441274,909749,429466,704367,162332,445192,463311,121857,255476,287571,121035,720187,801708,762959,484720,890143,573149,377924,61270,202884,20213,681301,567317,786842,178002,811844,523610,102213,908803,771136,200191,879152,763015,398908,957118,759599,517640,884226,8797,632792,695291,296872,251682,215175,746577,982288,12548,946357,115633,161973,290079,55780,982680,111674,304375,213534,865754,148204,305659,541333,938311,638303,935135,286930,761805,814769,575904,598112,346225,419561,510639,601584,43410,733983,626319,425959,797268,933507,748977,237815,324061,852732,925496,464751,918577,639567,21276,610395,163057,381712,650860,780540,996760,669857,437246,117047,162042,682340,586337,745138,383128,599600,736123,776054,63534,833172,54263,825221,964681,949301,552599,895378,539130,939936,185528,851615,252949,499568,622335,846451,864406,696206,263679,407258,842605,611031,623178,126966,270784,29290,253741,644979,29352,808172,707269,660050,398032,663688,309580,303275,823980,671848,755025,42031,601253,269100,859446,320350,221505,66736,63886,367702,900876,135768,788992,450130,127630,939250,946199,689483,512344,848062,649261,476743,479324,373468,554972,410660,941773,692544,822638,596607,636800,540789,895359,902513,396982,826839,823912,286540,810669,139789,111143,893482,733708,984998,928434,473073,273083,798189,586414,306405,677848,800606,883588,998367,581495,929030,258257,764544,411908,618998,224579,650860,81813,109344,367184,436599,778792,799230,197259,947560,673671,503936,372561,520667,284211,30896,916967,302447,919940,628133,91981,441300,506181,630486,201192,675843,774862,498455,490216,790925,932617,919151,755150,26089,357627,198482,59277,148420,636111,340944,516316,240059,636583,362544,66911,326858,201081,879081,233145,55253,324512,218368,620936,142893,897510,630011,117450,153362,344645,66688,775293,698216,415950,668061,941555,334328,288831,581800,584664,396500,46908,435801,831334,370488,485696,315064,525682,307487,792162,310873,783909,947326,128461,575328,713101,911504,922754,430206,741364,305215,428348,650577,705123,772680,552431,458827,101994,966534,94790,782580,315830,733988,141500,125655,419368,439268,335119,757151,597016,579540,222531,744093,757247,452558,972299,477210,349136,248029,685981,434674,483994,794764,557669,94724,208454,767366,894404,570194,78036,670244,165558,223421,692612,414733,866057,799220,106578,381993,196004,595500,698498,721731,770129,522535,960210,196050,939423,864334,467947,263356,531452,810595,351961,251828,290422,214310,26882,37891,705634,588279,104160,538091,70394,968485,763067,981617,914247,561362,781282,539622,248237,752267,690066,977235,788321,24270,212989,860209,191218,806526,475020,43869,310199,423977,896077,442627,646216,732977,11185,916757,784290,987280,477533,740249,176438,546311,713819,302965,133508,931868,134799,800231,288539,40174,986704,161893,110546,455481,989394,494989,986764,162920,267614,547234,697613,673723,69785,853682,127835,528404,147436,51639,906096,549915,587666,852558,883119,286778,809757,935107,237542,705151,385108,687948,786976,977179,52734,713084,432079,492949,661270,229924,833964,902205,886199,730269,217383,38161,788610,588226,396237,987888,681277,215545,31893,671357,11390,775426,787216,53453,741943,20733,651299,62680,395172,193379,185139,587945,854107,711892,679379,258364,173732,416073,725707,346296,5474,177194,740612,11183,398481,495782,395835,424220,714673,547641,848321,692155,614824,406236,475983,459494,937105,638220,686465,243780,897109,860730,444071,709597,338712,985470,969545,122343,814298,140793,917738,871685,627824,813604,908838,130310,594882,977030,15671,793631,203744,304718,563969,118480,803506,301497,298159,827408,428228,927382,666596,964291,564286,443142,318377,596465,367058,493903,659767,214389,718993,466650,8350,722697,26491,699345,28392,990400,589101,584638,714017,156366,429343,513646,667239,782059,100675,595215,372860,261053,81354,666514,604671,692007,678195,594890,18461,697181,617854,882414,938000,793449,91716,294356,522495,30049,418167,32125,705273,896242,583786,104150,747455,929774,881004,683981,82267,837171,286686,170174,609738,268752,46362,303228,643927,176636,902726,646871,190172,272818,399639,689624,39959,366664,520038,170534,127592,312525,347286,906862,799213,150639,108343,900343,841352,93402,957971,267308,796309,45587,859927,951717,527289,851528,443507,561219,199365,173952,632182,375347,304169,262166,304471,215858,65372,546378,852559,71328,478957,364572,876692,107692,960235,577102,166785,570496,369308,252065,311608,557950,345619,51560,111749,351516,62921,891053,664306,845428,553238,690586,980230,77689,545834,291708,210041,278433,68677,888949,407435,828214,373441,397970,77333,337795,479521,154697,645439,325584,420029,207031,750747,633894,492439,119088,353743,517516,761447,6621,146461,45033,194480,763279,382700,548360,516328,568297,962562,120638,328563,450954,329142,387170,297486,863567,567436,914223,739849,148996,221615,36788,337135,799541,322249,409779,155016,437753,50147,615847,683648,392878,879281,63294,461737,558037,413372,60442,891101,421858,370292,907748,625776,474885,939297,248983,539143,857225,30411,184999,735218,811861,831562,719576,222990,33286,252823,19727,752577,558881,451684,31763,459772,789979,47920,786104,310149,772011,395409,500289,375442,993483,209664,374224,956672,677099,243108,988302,626067,700618,842692,117001,678386,390449,159869,316597,652414,679861,395559,877169,985973,122295,276568,893323,896588,765178,608608,286181,641920,86943,124414,104620,430516,698494,748507,205433,162170,692920,920701,833821,490603,138740,994424,528740,202084,653437,78162,670882,176177,117743,72942,188532,926860,198194,647914,776628,272840,389770,165778,337249,549736,833388,66468,56016,23318,199363,714847,333771,717850,565354,272058,831572,218341,32422,735582,234541,425818,5656,796963,492111,884220,300357,769502,618847,264475,159125,269189,962642,532706,372382,986222,593264,218794,880064,731563,310325,410404,274674,743794,720634,994540,135670,957763,266051,227560,613913,677513,443792,489407,98661,656544,730548,353422,163813,577623,938332,942177,434061,436392,904990,107078,366164,467398,794938,615077,746084,995653,326083,297250,321280,536958,343707,571659,272510,592414,270425,10475,958149,755994,284428,222959,936056,182315,92084,706685,775229,391449,850458,999814,555986,252591,800947,427689,170904,157845,280651,973106,27484,796560,924860,970968,36758,833621,945193,74734,378574,44622,188102,536404,710473,24580,627255,97140,762123,392950,659752,963304,590317,106047,52582,47734,307303,895221,774705,687651,938064,965571,853020,123236,654930,287287,267315,728377,466108,41384,436109,984383,29155,154806,56437,124109,292633,95574,101627,916082,640812,33104,963885,739781,477513,755888,404782,139925,259397,285672,230957,838655,398541,842613,331137,174595,519042,381934,921194,856165,70377,76519,689262,83155,499671,497780,417789,584513,829301,417790,125581,105175,299896,27572,447795,469389,258757,499649,852637,72889,395718,246275,812870,914416,861490,989137,547772,912365,810006,468083,121202,562407,178055,436039,482914,693392,441388,752414,76163,715667,458546,878100,172610,581008,152869,705358,948447,415176,105511,476707,68017,633523,700177,745644,83829,285240,815472,294262,436230,673378,785734,950103,335144,125221,769040,115923,979642,90069,843696,669017,199660,93533,522994,226944,639331,261423,752198,931666,70847,50632,169053,770176,472464,162809,895325,121429,739265,872809,862556,476480,23247,732877,491759,171720,147701,977908,120723,62342,573742,224438,239308,140926,463498,953303,540201,785348,417368,699717,829208,985139,211437,430664,987936,530585,346446,864317,279624,470146,41937,182926,478528,640881,453022,95876,374858,504591,572179,271361,103037,483493,180827,29871,425580,420951,973079,421652,127654,321301,477624,949109,374180,761902,388113,866032,433648,460103,963604,501993,291401,53557,173658,659923,749545,250970,878580,8594,196238,295889,567979,450460,272307,320230,79866,232793,508265,37975,994575,73231,485503,955744,719941,184191,132922,343209,395376,181234,805067,741285,159641,236028,663197,814212,511149,250854,640573,851384,492445,521392,589847,970409,565223,900865,47080,524050,144267,748517,608896,178407,649726,66159,528185,985758,279374,977923,621468,357512,794069,294905,744699,226588,449674,163186,555157,207656,60539,94569,664944,249858,990438,819171,151869,548547,336921,944231,976468,62310,112422,256931,923700,531356,224633,481126,939328,86807,856994,321358,354453,203957,989827,473375,137762,420789,761692,901280,859677,963138,666259,205355,854808,91960,919713,234874,209992,586777,90673,501499,1951,986427,576061,291676,456174,414261,445509,755678,364856,497885,767780,678739,268157,761901,55911,242985,286319,771883,476245,935462,254032,375372,648834,324060,276647,968078,653324,866882,18746,271723,874005,246292,214193,606355,320184,459009,667704,246045,202605,424478,699436,113746,391799,281542,863014,602985,413968,947811,940838,786955,964942,148394,262905,904489,835537,958896,741442,415099,362397,460556,372773,479818,631655,605005,626994,346916,172942,164127,814825,116452,416796,360422,669398,827981,60695,622046,89267,186214,773598,499121,40,214033,523565,647058,931411,10476,398630,903602,46242,306595,355961,21775,909498,992051,407062,254362,615442,471,728010,57045,272516,943604,177696,607459,8877,569331,934157,492108,676736,365627,24881,447604,177249,434301,125589,715520,85533,895147,729342,139125,131082,666630,176938,338725,97274,798033,417217,363042,430318,963148,42204,13189,81245,620464,595660,550596,12045,921599,240444,3018,646047,677810,513056,752216,31905,281127,440727,273220,547763,115477,259379,632652,953507,892003,259135,946772,113063,343442,159532,115638,282689,745977,115746,424287,95312,976738,322924,452235,371995,767526,510114,875207,127535,46569,258009,814966,83181,214546,696834,39741,927836,389802,253557,513768,956768,417821,856053,477131,332397,296986,738666,553519,95897,362897,839179,628200,864220,592319,140461,553998,848425,914781,516406,29380,644446,563810,721996,948154,85375,696206,749905,168280,995126,304369,118249,93993,3696,500483,270495,187368,692836,774536,181661,145491,154901,846847,404815,979278,8972,18723,441553,391606,42550,128048,769361,671267,876688,948295,831338,543696,724738,724527,194975,353002,255682,106422,544010,635624,437437,410654,765975,183952,54002,934606,121170,975328,738053,748592,206900,329218,568646,135609,619142,523177,765753,225479,74141,565723,568432,516084,213542,202394,438997,345055,632494,727073,417002,615624,261208,508572,482763,475403,754130,975264,219145,677304,518836,178906,826128,19435,881027,809928,550375,460436,309979,310356,326072,247178,858,134357,890010,522208,271936,873483,312946,524613,659478,117554,167275,1023,130954,477647,10789,414166,184661,932548,997026,481444,860922,351829,814793,66641,267740,682060,970966,818291,754331,798615,248629,673976,254380,239904,502416,752905,948161,69230,315529,647356,868883,170435,332175,945293,361613,719585,712320,155889,210394,980601,743001,169407,117952,244113,292341,256298,709831,327930,402470,697033,970588,962235,530871,840665,709905,519911,763065,932031,341305,821527,498341,207457,792273,316100,344502,566190,22437,529314,665099,49236,372832,621177,797333,148513,200268,332977,760767,516178,804936,147411,489999,571161,591444,803836,661215,498130,528324,444036,367658,267730,459788,963635,139984,772390,849992,350314,500932,72169,41838,49288,704859,357395,629315,607455,782349,303946,331556,747100,856987,190887,859909,660409,625555,192343,458439,592908,341413,307416,422949,733037,187171,24888,334693,333992,792269,636405,302910,241654,507340,989191,885566,417825,553040,584448,223138,992775,237205,304108,380201,867155,641840,895015,314274,86039,215017,424926,53014,175911,441522,300539,857011,732596,219438,341661,32142,677300,234617,265677,532401,31480,469680,967979,54372,457179,571844,283404,390772,880397,897978,534664,645547,995271,371434,516628,587049,706618,900820,91062,137559,886797,1895,735733,979551,548101,591809,405116,91225,922514,74709,241947,540338,423268,436308,567398,598647,953393,29103,670869,360673,68424,188418,216522,411661,544523,732671,631072,962361,255083,46483,37839,544114,273688,325489,243818,626314,356560,444246,175255,381382,31367,891194,779087,285889,516523,210218,768569,42125,173676,99274,361519,768468,90455,787397,964726,90083,554593,92993,626396,728031,23088,394867,191254,116010,699683,341268,601404,303053,124225,791437,166224,206383,603467,678276,239305,797454,760618,709332,472924,116447,154338,566421,45790,960583,67363,561162,733799,33293,33026,896505,713048,895206,812881,821018,243730,195990,293462,965661,45296,262449,574714,698862,811752,850930,439888,382540,592670,569885,865937,847186,486938,725926,380628,472499,473190,247421,278863,493045,751020,865935,392744,213695,551571,683568,611071,998608,71007,727116,307836,983168,809441,868881,298063,663574,761347,201268,898733,528470,292706,14609,426523,383513,661369,497307,637597,383082,991170,336681,128085,391605,646363,628269,879100,250249,764237,701479,192113,472437,908179,937132,214368,113477,891120,672908,80408,836847,129850,385993,194806,359394,758072,855504,665770,199105,958937,821972,795697,267658,740335,665389,524808,792404,170088,996470,188117,586028,252810,640784,800022,627018,79019,311955,366522,524680,205520,194711,327773,211044,229315,664083,944652,490455,838913,605666,87372,285598,884185,299446,827552,52629,274833,968935,931201,929517,59219,56320,419832,126078,321564,616100,323785,637229,165972,805970,243835,223917,566511,18810,971398,204257,496078,928661,689186,545767,146174,460766,796968,829424,721471,752213,666688,71279,321153,127080,55495,453039,46020,318189,425060,868469,282512,70534,973338,329558,859908,366934,993499,389759,611314,888063,149453,82289,69319,596937,60530,500317,554714,995919,964264,786412,541752,889691,704078,664037,210351,442678,673899,624562,162171,762559,16225,960565,340503,126935,602666,452884,400061,507664,113245,107064,910044,656295,840451,862121,194734,236672,731661,560966,817095,132188,345224,763922,669208,564338,668128,230746,822062,902068,425100,295355,539218,502648,707484,805913,357169,793394,425582,920216,95230,5469,9854,667045,571207,870191,912752,438139,505936,673232,300325,586712,647063,855114,574343,533718,947711,116029,153952,809773,959118,496541,225389,614620,808501,265439,887564,874216,831909,853639,358871,482786,394424,96602,44358,273483,527771,785319,835780,586324,505031,385446,224990,628583,650898,732331,23400,315053,45493,395017,894000,663138,363980,191946,978928,657079,943342,855927,377772,879877,202687,53156,52142,290313,793605,241418,810697,793731,108164,71259,334801,544424,979376,691911,90269,977954,972165,879437,508384,687143,119302,696065,406192,234202,794732,250806,655735,398202,551165,719368,603629,147530,878766,6517,243302,864061,424169,573403,855230,228513,661244,879864,924262,551549,894355,501989,596173,676696,125706,190449,785701,148308,499732,908746,706082,591290,66659,443715,115618,553962,22119,276300,1764,478992,95232,307908,808617,221798,795289,550813,590219,610200,699320,815069,230429,786274,55140,81246,630272,874768,303721,348635,374932,92085,706196,460585,186699,536094,809824,700851,635003,207302,396715,199668,450249,912130,696252,423202,200762,236419,953153,725116,143264,811274,586951,203251,312316,703471,359813,349845,333210,775752,982180,769060,230162,810144,770019,788462,409692,898635,492241,995019,187099,117469,715009,477422,72612,43392,352909,356769,263629,212706,408056,736302,916038,442678,588026,701283,987465,942846,317924,321696,532962,263374,315260,474926,606401,267689,822062,401584,370230,543478,413802,428959,222549,598844,550315,859452,477210,692727,289941,269306,629925,158224,590408,32068,699149,978124,791723,938019,891570,777761,279268,282104,860126,302055,298442,984227,46826,487878,945713,323138,345735,456539,611843,5413,510042,638688,446283,237860,135209,70888,786452,540750,533817,538957,363087,147844,540752,490693,165450,181939,988896,205987,823519,353353,891825,104347,133264,633391,710202,766993,350229,426126,15997,46073,506759,882855,65501,383264,372886,692735,973854,895209,574889,569527,286634,513157,231786,975916,11981,271569,4810,631897,192628,128431,951439,166968,136297,611311,435973,993780,145793,130951,12948,704048,567137,284244,862672,816552,968704,198993,84884,514408,52785,241925,57666,33772,495826,430954,196566,779678,239491,371117,697587,159996,344498,444891,715906,92556,767292,406664,148862,885780,579859,243907,894132,524104,948152,141731,706961,797993,686210,846982,475935,478826,242107,428969,411274,977355,965877,315055,404466,245190,114655,927980,386254,742444,922702,823893,622106,514154,766201,150824,565777,69982,994092,375744,65755,768204,125619,576057,840009,684965,290089,205841,49644,244484,918233,653382,842691,636796,803429,40287,376178,43955,989932,863083,64637,496491,833118,111193,611146,836005,464535,11849,593634,282352,966463,119216,22380,772779,496237,527032,879428,865750,824612,507944,345163,46324,963933,572260,895617,423467,864072,86105,152482,230518,207975,542092,366704,969548,883162,175190,10977,674358,399646,174096,624977,182215,55106,396995,835304,677666,637798,969525,166412,946379,408124,873790,486041,957431,150615,974619,768959,322789,428792,893656,256029,566188,611898,387927,545609,676931,840770,865959,561749,439956,300949,492394,603067,419914,684017,761132,499875,651362,715138,770473,83432,692240,316527,652299,357057,29038,407590,735810,203183,413768,694418,163480,670064,555325,112477,535140,7463,366849,150051,386149,701287,48493,601783,27444,433819,767687,777571,66416,787901,141574,877094,68803,604507,133824,890942,267848,884144,776520,184335,563389,667664,178987,155607,818851,868835,977471,226033,456877,718641,293328,820909,301733,383102,439438,178033,577241,883178,900361,176915,253410,507748,9649,477291,931635,252558,497574,226527,699414,693429,308800,240832,305494,431863,482218,651120,253459,184416,116711,81352,31128,379061,453729,15530,374235,399983,929867,809802,333672,77305,404274,425406,637630,125829,691925,312815,516904,997711,58307,221171,931679,696471,680650,869327,665281,802046,999898,304599,810220,775960,676557,807754,50685,217268,156361,83466,737322,51402,306929,275342,140039,339075,437549,243088,366897,408736,63320,502515,171438,795392,968447,998912,30877,130951,950409,756498,277939,864405,590616,846442,959679,867940,500227,942797,956764,969374,926269,272861,49609,351552,937287,836349,218101,787861,317340,190472,118837,252568,89536,651822,703087,252721,890253,369932,71716,801483,170978,586457,313898,802232,793727,684069,873558,971637,951678,646239,149081,564283,467851,364155,916608,910752,419978,947819,296074,615763,112909,631021,776753,485057,390335,615213,730556,221960,606011,682215,21857,858739,632258,656747,204114,259759,903898,629692,338576,365377,437845,624518,144246,925121,768217,81567,354347,493027,461109,344580,732965,220357,250807,21119,853954,448240,588393,827003,500139,95337,55377,294075,763273,962125,53196,793777,174668,402816,321315,822363,908673,242923,714104,190555,618418,284786,702051,631447,515589,351153,687493,456740,635770,539005,276322,248100,906577,481906,734979,190522,769093,963237,944169,113415,977012,622725,962869,624682,569507,151300,559009,878287,690878,110018,363222,244454,325533,394280,999055,179336,121164,783143,135898,697547,514288,246787,499898,592007,791367,480942,468483,301738,609323,951005,738993,531593,887869,742673,748174,842582,554290,935905,537130,920774,402703,673998,341376,106066,320550,621952,231543,968297,839110,297560,623709,481718,323905,478928,567666,428667,178123,522915,480506,381808,160374,550787,653064,997329,34008,724270,336543,118269,100504,593690,475643,330948,453405,580673,316124,617593,6089,714091,72636,393762,210589,996192,957550,326448,240322,815667,794094,446770,657570,219451,683891,271167,134514,625307,498565,985068,738046,827041,200224,242181,847881,695277,106193,408105,190465,670759,392701,758916,747538,839756,828454,891668,266696,108822,76339,431625,145893,24483,133422,672800,766718,71204,90867,797802,456664,520232,951158,141185,21610,142733,337397,584507,183442,861421,381743,181261,507432,607272,268429,325939,376512,756352,357451,159293,523749,556232,856,593216,263543,8268,149054,97229,489813,934027,113545,455776,650588,727317,246105,957829,53653,900465,473089,82023,202936,706479,906739,674971,452915,844097,80173,135205,593721,755315,45763,439205,696013,390427,588913,964624,995854,777646,532911,114629,127262,277955,240590,155046,206908,859865,412941,399147,224959,671957,5922,275738,732717,601777,936423,922584,663467,859634,179374,704921,239497,913281,287746,260404,806809,341351,725881,587177,786122,306203,602220,176217,216754,233807,17168,319382,57212,940359,313471,472615,470686,730493,231812,197259,749933,690251,614006,570657,663896,475208,22416,947486,147149,953663,218903,890565,714639,169072,809343,577160,41662,940051,381162,609961,654389,755824,424613,844347,485595,246327,404090,294198,193820,404503,491567,391145,433987,848469,263101,221505,313233,69142,316929,201442,468764,951148,145560,163164,214429,424707,857745,471789,789071,517960,202076,90514,840851,93284,963632,777133,483636,658997,82420,53985,230110,436094,490783,651504,326849,857271,255020,921270,597259,406131,881324,234653,697689,607442,741700,779182,725934,854441,398705,924048,282059,770913,427625,192027,673603,872169,590202,351520,742210,826659,409664,922376,53862,416240,590693,916498,841060,847416,630183,820391,647700,619048,842093,226399,988217,162599,526250,318894,658802,274714,256674,40845,674533,769571,976593,106387,567710,61084,441923,165375,83701,283917,591518,477345,776596,414194,513390,986422,170495,186804,982423,937297,32100,234765,328946,980964,282898,293826,589009,20724,939268,99434,949359,101458,979221,759491,919858,861898,253144,336319,102022,284661,873356,869618,626356,848346,407180,934098,476842,220028,932874,743906,747327,383441,444412,69234,370272,111273,662579,176051,534778,640439,520615,496862,459264,511822,952597,413675,856208,370838,887414,203635,228606,367688,127713,893650,622637,542397,144107,302347,838761,239717,704508,326876,763827,989253,232667,788411,974149,668474,892177,357857,250777,610666,571341,887439,559301,765975,80229,238594,555434,837828,249619,55338,649237,974851,954153,743475,86317,753622,963431,748146,235139,205947,633792,122874,184323,42227,992407,149279,885237,553705,673895,540468,13125,167857,773487,698345,305354,28174,928086,4081,451244,549398,298106,944308,191889,682342,869942,281077,334934,229860,994299,391047,980562,828544,671456,479304,435626,652106,540872,922590,900919,785968,645064,619086,370203,896800,639806,597965,975388,481062,943368,281829,828570,679455,321554,148899,392723,52074,103716,425386,775127,764776,902464,850671,569490,270890,189045,971085,456852,231324,630139,688966,110693,422910,858766,30119,875114,893060,67731,796617,568450,272711,486023,405255,679360,425832,576130,995720,387096,793885,635724,598726,817865,342245,587334,989041,336878,590657,731145,368754,789670,825563,428637,138731,35551,867333,870660,369159,923336,899394,30696,743917,400045,607416,941413,770224,428433,725569,958032,70454,813534,791897,717575,938427,9619,754985,912839,53471,163261,435864,360841,764194,860254,562202,434890,923531,809730,262677,731065,781533,674690,433995,11281,566669,593358,499019,623355,481649,540270,258513,329284,545946,48493,998663,573755,782329,172830,381265,274515,870344,605164,358713,558428,798509,48169,490579,823114,747879,757273,653457,208527,509605,519309,595686,590318,488987,122490,297689,30845,262298,146670,945572,758174,821703,419433,237035,922487,666699,810478,553169,961423,941717,307684,252373,399916,766274,823096,107097,134720,929485,45659,142802,365590,252579,899942,489020,705230,243421,262293,147412,278676,426302,517652,117840,113207,824693,639930,107879,550186,505194,280692,505924,928913,42465,882184,106758,237688,634675,308704,786346,973376,202250,96814,798954,598904,230499,266700,949051,76589,547861,180142,944033,178014,422935,625229,268493,735999,305540,708325,401953,972891,815649,996757,736937,125683,775602,946981,756610,745055,101219,37310,245478,864467,602100,662626,482802,536090,439031,533401,299811,748659,4205,449673,130889,367403,68482,450890,11465,593595,535274,376306,953211,397490,53875,416395,947625,708034,567875,672620,502554,387737,594913,794373,221053,425219,420213,757937,951598,180880,18675,233510,321035,480940,163022,470066,706520,610930,397141,69741,771588,321747,946405,401204,107319,155777,960065,140810,693340,158347,440031,350853,794407,243645,423139,907818,388553,908425,860894,188625,976792,928578,740148,757469,791247,855614,28308,282392,610383,416679,46995,509655,668660,210708,293364,957988,750040,647977,308037,671318,399525,470432,900925,887884,460251,168828,475361,822380,817336,621127,21034,458601,501910,7784,412597,620882,373464,952825,333705,849457,321187,15043,735587,877152,610135,963838,881619,844133,860518,749244,459640,446908,346763,728883,242408,829671,682624,479131,824206,99318,138921,669332,574888,675785,100206,671001,838171,88886,963260,119747,704010,947850,544219,36206,880679,435660,426417,387134,48806,106667,913892,412116,717051,297033,934028,15035,950187,287670,405295,710226,363041,859046,640187,587694,555517,757530,502226,689018,509362,570842,319861,716152,14938,856651,218145,617091,954896,514919,114631,965005,938420,351442,912852,963588,639791,718821,98942,128760,468057,766084,357437,545159,809653,674665,769909,947162,836936,177284,265623,134616,482650,510095,77188,772420,250091,788548,9491,454459,706393,860378,76464,171603,8277,303728,193111,484630,902501,810487,386189,919460,105139,428218,474909,274103